0 0.56484375 0.16666666666666666 0.05703125 0.06625
0 0.56484375 0.2920833333333333 0.04609375 0.08395833333333333
0 0.56578125 0.40354166666666663 0.05828124999999999 0.06791666666666667
0 0.67109375 0.40229166666666666 0.06734375000000001 0.06145833333333333
0 0.67109375 0.283125 0.046406249999999996 0.08979166666666667
0 0.67109375 0.16166666666666665 0.04484375 0.0875
0 0.56484375 0.16666666666666666 0.05703125 0.06625
0 0.56484375 0.2920833333333333 0.04609375 0.08395833333333333
0 0.56578125 0.40354166666666663 0.05828124999999999 0.06791666666666667
0 0.67109375 0.40229166666666666 0.06734375000000001 0.06145833333333333
0 0.67109375 0.283125 0.046406249999999996 0.08979166666666667
0 0.67109375 0.16166666666666665 0.04484375 0.0875
0 0.56484375 0.16666666666666666 0.05703125 0.06625
0 0.56484375 0.2920833333333333 0.04609375 0.08395833333333333
0 0.56578125 0.40354166666666663 0.05828124999999999 0.06791666666666667
0 0.67109375 0.40229166666666666 0.06734375000000001 0.06145833333333333
0 0.67109375 0.283125 0.046406249999999996 0.08979166666666667
0 0.67109375 0.16166666666666665 0.04484375 0.0875
0 0.56484375 0.16666666666666666 0.05703125 0.06625
0 0.56484375 0.2920833333333333 0.04609375 0.08395833333333333
0 0.56578125 0.40354166666666663 0.05828124999999999 0.06791666666666667
0 0.67109375 0.40229166666666666 0.06734375000000001 0.06145833333333333
0 0.67109375 0.283125 0.046406249999999996 0.08979166666666667
0 0.67109375 0.16166666666666665 0.04484375 0.0875
0 0.56484375 0.16666666666666666 0.05703125 0.06625
0 0.56484375 0.2920833333333333 0.04609375 0.08395833333333333
0 0.56578125 0.40354166666666663 0.05828124999999999 0.06791666666666667
0 0.67109375 0.40229166666666666 0.06734375000000001 0.06145833333333333
0 0.67109375 0.283125 0.046406249999999996 0.08979166666666667
0 0.67109375 0.16166666666666665 0.04484375 0.0875
0 0.56484375 0.16666666666666666 0.05703125 0.06625
0 0.56484375 0.2920833333333333 0.04609375 0.08395833333333333
0 0.56578125 0.40354166666666663 0.05828124999999999 0.06791666666666667
0 0.67109375 0.40229166666666666 0.06734375000000001 0.06145833333333333
0 0.67109375 0.283125 0.046406249999999996 0.08979166666666667
0 0.67109375 0.16166666666666665 0.04484375 0.0875
