0 0.5610937500000001 0.16666666666666666 0.05109375000000001 0.07145833333333333
0 0.56296875 0.286875 0.045156249999999995 0.089375
0 0.56484375 0.40354166666666663 0.06296874999999999 0.059166666666666666
0 0.67015625 0.4060416666666667 0.06703125 0.06125
0 0.66734375 0.283125 0.068125 0.06166666666666667
0 0.67015625 0.16291666666666668 0.05859375 0.075
0 0.5610937500000001 0.16666666666666666 0.05109375000000001 0.07145833333333333
0 0.56296875 0.286875 0.045156249999999995 0.089375
0 0.56484375 0.40354166666666663 0.06296874999999999 0.059166666666666666
0 0.67015625 0.4060416666666667 0.06703125 0.06125
0 0.66734375 0.283125 0.068125 0.06166666666666667
0 0.67015625 0.16291666666666668 0.05859375 0.075
0 0.5610937500000001 0.16666666666666666 0.05109375000000001 0.07145833333333333
0 0.56296875 0.286875 0.045156249999999995 0.089375
0 0.56484375 0.40354166666666663 0.06296874999999999 0.059166666666666666
0 0.67015625 0.4060416666666667 0.06703125 0.06125
0 0.66734375 0.283125 0.068125 0.06166666666666667
0 0.67015625 0.16291666666666668 0.05859375 0.075
0 0.5610937500000001 0.16666666666666666 0.05109375000000001 0.07145833333333333
0 0.56296875 0.286875 0.045156249999999995 0.089375
0 0.56484375 0.40354166666666663 0.06296874999999999 0.059166666666666666
0 0.67015625 0.4060416666666667 0.06703125 0.06125
0 0.66734375 0.283125 0.068125 0.06166666666666667
0 0.67015625 0.16291666666666668 0.05859375 0.075
0 0.5610937500000001 0.16666666666666666 0.05109375000000001 0.07145833333333333
0 0.56296875 0.286875 0.045156249999999995 0.089375
0 0.56484375 0.40354166666666663 0.06296874999999999 0.059166666666666666
0 0.67015625 0.4060416666666667 0.06703125 0.06125
0 0.66734375 0.283125 0.068125 0.06166666666666667
0 0.67015625 0.16291666666666668 0.05859375 0.075
0 0.5610937500000001 0.16666666666666666 0.05109375000000001 0.07145833333333333
0 0.56296875 0.286875 0.045156249999999995 0.089375
0 0.56484375 0.40354166666666663 0.06296874999999999 0.059166666666666666
0 0.67015625 0.4060416666666667 0.06703125 0.06125
0 0.66734375 0.283125 0.068125 0.06166666666666667
0 0.67015625 0.16291666666666668 0.05859375 0.075
