0 0.6704687500000001 0.1625 0.08765625 0.10437500000000001
0 0.7121875 0.31833333333333336 0.0878125 0.11416666666666667
0 0.76609375 0.24375 0.060312500000000005 0.10875
0 0.6171875 0.3939583333333333 0.0759375 0.07604166666666666
0 0.8067187499999999 0.3985416666666667 0.0875 0.10354166666666667
0 0.6704687500000001 0.1625 0.08765625 0.10437500000000001
0 0.7121875 0.31833333333333336 0.0878125 0.11416666666666667
0 0.76609375 0.24375 0.060312500000000005 0.10875
0 0.6171875 0.3939583333333333 0.0759375 0.07604166666666666
0 0.8067187499999999 0.3985416666666667 0.0875 0.10354166666666667
0 0.6704687500000001 0.1625 0.08765625 0.10437500000000001
0 0.7121875 0.31833333333333336 0.0878125 0.11416666666666667
0 0.76609375 0.24375 0.060312500000000005 0.10875
0 0.6171875 0.3939583333333333 0.0759375 0.07604166666666666
0 0.8067187499999999 0.3985416666666667 0.0875 0.10354166666666667
0 0.6704687500000001 0.1625 0.08765625 0.10437500000000001
0 0.7121875 0.31833333333333336 0.0878125 0.11416666666666667
0 0.76609375 0.24375 0.060312500000000005 0.10875
0 0.6171875 0.3939583333333333 0.0759375 0.07604166666666666
0 0.8067187499999999 0.3985416666666667 0.0875 0.10354166666666667
0 0.6704687500000001 0.1625 0.08765625 0.10437500000000001
0 0.7121875 0.31833333333333336 0.0878125 0.11416666666666667
0 0.76609375 0.24375 0.060312500000000005 0.10875
0 0.6171875 0.3939583333333333 0.0759375 0.07604166666666666
0 0.8067187499999999 0.3985416666666667 0.0875 0.10354166666666667
0 0.6704687500000001 0.1625 0.08765625 0.10437500000000001
0 0.7121875 0.31833333333333336 0.0878125 0.11416666666666667
0 0.76609375 0.24375 0.060312500000000005 0.10875
0 0.6171875 0.3939583333333333 0.0759375 0.07604166666666666
0 0.8067187499999999 0.3985416666666667 0.0875 0.10354166666666667
