0 0.5853125 0.25645833333333334 0.076875 0.11
0 0.58078125 0.396875 0.06828125 0.10645833333333334
0 0.6703125 0.4047916666666667 0.0503125 0.09208333333333334
0 0.7642187500000001 0.33645833333333336 0.06671875000000001 0.10729166666666666
0 0.7681250000000001 0.19270833333333334 0.0728125 0.109375
0 0.6778125 0.19145833333333334 0.083125 0.11041666666666666
0 0.5853125 0.25645833333333334 0.076875 0.11
0 0.58078125 0.396875 0.06828125 0.10645833333333334
0 0.6703125 0.4047916666666667 0.0503125 0.09208333333333334
0 0.7642187500000001 0.33645833333333336 0.06671875000000001 0.10729166666666666
0 0.7681250000000001 0.19270833333333334 0.0728125 0.109375
0 0.6778125 0.19145833333333334 0.083125 0.11041666666666666
0 0.5853125 0.25645833333333334 0.076875 0.11
0 0.58078125 0.396875 0.06828125 0.10645833333333334
0 0.6703125 0.4047916666666667 0.0503125 0.09208333333333334
0 0.7642187500000001 0.33645833333333336 0.06671875000000001 0.10729166666666666
0 0.7681250000000001 0.19270833333333334 0.0728125 0.109375
0 0.6778125 0.19145833333333334 0.083125 0.11041666666666666
0 0.5853125 0.25645833333333334 0.076875 0.11
0 0.58078125 0.396875 0.06828125 0.10645833333333334
0 0.6703125 0.4047916666666667 0.0503125 0.09208333333333334
0 0.7642187500000001 0.33645833333333336 0.06671875000000001 0.10729166666666666
0 0.7681250000000001 0.19270833333333334 0.0728125 0.109375
0 0.6778125 0.19145833333333334 0.083125 0.11041666666666666
0 0.5853125 0.25645833333333334 0.076875 0.11
0 0.58078125 0.396875 0.06828125 0.10645833333333334
0 0.6703125 0.4047916666666667 0.0503125 0.09208333333333334
0 0.7642187500000001 0.33645833333333336 0.06671875000000001 0.10729166666666666
0 0.7681250000000001 0.19270833333333334 0.0728125 0.109375
0 0.6778125 0.19145833333333334 0.083125 0.11041666666666666
0 0.5853125 0.25645833333333334 0.076875 0.11
0 0.58078125 0.396875 0.06828125 0.10645833333333334
0 0.6703125 0.4047916666666667 0.0503125 0.09208333333333334
0 0.7642187500000001 0.33645833333333336 0.06671875000000001 0.10729166666666666
0 0.7681250000000001 0.19270833333333334 0.0728125 0.109375
0 0.6778125 0.19145833333333334 0.083125 0.11041666666666666
