0 0.5846875 0.25375 0.07062500000000001 0.06229166666666666
0 0.5782812500000001 0.3939583333333333 0.06921875 0.06229166666666666
0 0.66890625 0.404375 0.05078125 0.09604166666666666
0 0.6798437500000001 0.19083333333333333 0.05125 0.09625
0 0.7690625 0.19749999999999998 0.07859374999999999 0.07791666666666666
0 0.7618750000000001 0.33791666666666664 0.083125 0.10416666666666667
0 0.5846875 0.25375 0.07062500000000001 0.06229166666666666
0 0.5782812500000001 0.3939583333333333 0.06921875 0.06229166666666666
0 0.66890625 0.404375 0.05078125 0.09604166666666666
0 0.6798437500000001 0.19083333333333333 0.05125 0.09625
0 0.7690625 0.19749999999999998 0.07859374999999999 0.07791666666666666
0 0.7618750000000001 0.33791666666666664 0.083125 0.10416666666666667
0 0.5846875 0.25375 0.07062500000000001 0.06229166666666666
0 0.5782812500000001 0.3939583333333333 0.06921875 0.06229166666666666
0 0.66890625 0.404375 0.05078125 0.09604166666666666
0 0.6798437500000001 0.19083333333333333 0.05125 0.09625
0 0.7690625 0.19749999999999998 0.07859374999999999 0.07791666666666666
0 0.7618750000000001 0.33791666666666664 0.083125 0.10416666666666667
0 0.5846875 0.25375 0.07062500000000001 0.06229166666666666
0 0.5782812500000001 0.3939583333333333 0.06921875 0.06229166666666666
0 0.66890625 0.404375 0.05078125 0.09604166666666666
0 0.6798437500000001 0.19083333333333333 0.05125 0.09625
0 0.7690625 0.19749999999999998 0.07859374999999999 0.07791666666666666
0 0.7618750000000001 0.33791666666666664 0.083125 0.10416666666666667
0 0.5846875 0.25375 0.07062500000000001 0.06229166666666666
0 0.5782812500000001 0.3939583333333333 0.06921875 0.06229166666666666
0 0.66890625 0.404375 0.05078125 0.09604166666666666
0 0.6798437500000001 0.19083333333333333 0.05125 0.09625
0 0.7690625 0.19749999999999998 0.07859374999999999 0.07791666666666666
0 0.7618750000000001 0.33791666666666664 0.083125 0.10416666666666667
0 0.5846875 0.25375 0.07062500000000001 0.06229166666666666
0 0.5782812500000001 0.3939583333333333 0.06921875 0.06229166666666666
0 0.66890625 0.404375 0.05078125 0.09604166666666666
0 0.6798437500000001 0.19083333333333333 0.05125 0.09625
0 0.7690625 0.19749999999999998 0.07859374999999999 0.07791666666666666
0 0.7618750000000001 0.33791666666666664 0.083125 0.10416666666666667
