0 0.5667187499999999 0.40729166666666666 0.04484375 0.08395833333333333
0 0.5667187499999999 0.288125 0.04609375 0.089375
0 0.56203125 0.16791666666666666 0.06546874999999999 0.060000000000000005
0 0.67015625 0.16291666666666668 0.0459375 0.08687500000000001
0 0.67015625 0.284375 0.068125 0.06333333333333332
0 0.67109375 0.40729166666666666 0.04609375 0.08520833333333333
0 0.5667187499999999 0.40729166666666666 0.04484375 0.08395833333333333
0 0.5667187499999999 0.288125 0.04609375 0.089375
0 0.56203125 0.16791666666666666 0.06546874999999999 0.060000000000000005
0 0.67015625 0.16291666666666668 0.0459375 0.08687500000000001
0 0.67015625 0.284375 0.068125 0.06333333333333332
0 0.67109375 0.40729166666666666 0.04609375 0.08520833333333333
0 0.5667187499999999 0.40729166666666666 0.04484375 0.08395833333333333
0 0.5667187499999999 0.288125 0.04609375 0.089375
0 0.56203125 0.16791666666666666 0.06546874999999999 0.060000000000000005
0 0.67015625 0.16291666666666668 0.0459375 0.08687500000000001
0 0.67015625 0.284375 0.068125 0.06333333333333332
0 0.67109375 0.40729166666666666 0.04609375 0.08520833333333333
0 0.5667187499999999 0.40729166666666666 0.04484375 0.08395833333333333
0 0.5667187499999999 0.288125 0.04609375 0.089375
0 0.56203125 0.16791666666666666 0.06546874999999999 0.060000000000000005
0 0.67015625 0.16291666666666668 0.0459375 0.08687500000000001
0 0.67015625 0.284375 0.068125 0.06333333333333332
0 0.67109375 0.40729166666666666 0.04609375 0.08520833333333333
0 0.5667187499999999 0.40729166666666666 0.04484375 0.08395833333333333
0 0.5667187499999999 0.288125 0.04609375 0.089375
0 0.56203125 0.16791666666666666 0.06546874999999999 0.060000000000000005
0 0.67015625 0.16291666666666668 0.0459375 0.08687500000000001
0 0.67015625 0.284375 0.068125 0.06333333333333332
0 0.67109375 0.40729166666666666 0.04609375 0.08520833333333333
0 0.5667187499999999 0.40729166666666666 0.04484375 0.08395833333333333
0 0.5667187499999999 0.288125 0.04609375 0.089375
0 0.56203125 0.16791666666666666 0.06546874999999999 0.060000000000000005
0 0.67015625 0.16291666666666668 0.0459375 0.08687500000000001
0 0.67015625 0.284375 0.068125 0.06333333333333332
0 0.67109375 0.40729166666666666 0.04609375 0.08520833333333333
