0 0.7371875 0.21416666666666667 0.07906250000000001 0.1225
0 0.5759375 0.481875 0.07859374999999999 0.115625
0 0.6678124999999999 0.460625 0.0565625 0.10104166666666667
0 0.55796875 0.33708333333333335 0.07828125 0.1175
0 0.6428125 0.238125 0.09078125000000001 0.11312499999999999
0 0.7371875 0.21416666666666667 0.07906250000000001 0.1225
0 0.5759375 0.481875 0.07859374999999999 0.115625
0 0.6678124999999999 0.460625 0.0565625 0.10104166666666667
0 0.55796875 0.33708333333333335 0.07828125 0.1175
0 0.6428125 0.238125 0.09078125000000001 0.11312499999999999
0 0.7371875 0.21416666666666667 0.07906250000000001 0.1225
0 0.5759375 0.481875 0.07859374999999999 0.115625
0 0.6678124999999999 0.460625 0.0565625 0.10104166666666667
0 0.55796875 0.33708333333333335 0.07828125 0.1175
0 0.6428125 0.238125 0.09078125000000001 0.11312499999999999
0 0.7371875 0.21416666666666667 0.07906250000000001 0.1225
0 0.5759375 0.481875 0.07859374999999999 0.115625
0 0.6678124999999999 0.460625 0.0565625 0.10104166666666667
0 0.55796875 0.33708333333333335 0.07828125 0.1175
0 0.6428125 0.238125 0.09078125000000001 0.11312499999999999
0 0.7371875 0.21416666666666667 0.07906250000000001 0.1225
0 0.5759375 0.481875 0.07859374999999999 0.115625
0 0.6678124999999999 0.460625 0.0565625 0.10104166666666667
0 0.55796875 0.33708333333333335 0.07828125 0.1175
0 0.6428125 0.238125 0.09078125000000001 0.11312499999999999
0 0.7371875 0.21416666666666667 0.07906250000000001 0.1225
0 0.5759375 0.481875 0.07859374999999999 0.115625
0 0.6678124999999999 0.460625 0.0565625 0.10104166666666667
0 0.55796875 0.33708333333333335 0.07828125 0.1175
0 0.6428125 0.238125 0.09078125000000001 0.11312499999999999
