0 0.73625 0.215 0.07906250000000001 0.1225
0 0.64328125 0.23770833333333333 0.09078125000000001 0.11312499999999999
0 0.55734375 0.3375 0.07828125 0.1175
0 0.5756249999999999 0.48208333333333336 0.07859374999999999 0.115625
0 0.66640625 0.4608333333333333 0.0565625 0.10104166666666667
0 0.73625 0.215 0.07906250000000001 0.1225
0 0.64328125 0.23770833333333333 0.09078125000000001 0.11312499999999999
0 0.55734375 0.3375 0.07828125 0.1175
0 0.5756249999999999 0.48208333333333336 0.07859374999999999 0.115625
0 0.66640625 0.4608333333333333 0.0565625 0.10104166666666667
0 0.73625 0.215 0.07906250000000001 0.1225
0 0.64328125 0.23770833333333333 0.09078125000000001 0.11312499999999999
0 0.55734375 0.3375 0.07828125 0.1175
0 0.5756249999999999 0.48208333333333336 0.07859374999999999 0.115625
0 0.66640625 0.4608333333333333 0.0565625 0.10104166666666667
0 0.73625 0.215 0.07906250000000001 0.1225
0 0.64328125 0.23770833333333333 0.09078125000000001 0.11312499999999999
0 0.55734375 0.3375 0.07828125 0.1175
0 0.5756249999999999 0.48208333333333336 0.07859374999999999 0.115625
0 0.66640625 0.4608333333333333 0.0565625 0.10104166666666667
0 0.73625 0.215 0.07906250000000001 0.1225
0 0.64328125 0.23770833333333333 0.09078125000000001 0.11312499999999999
0 0.55734375 0.3375 0.07828125 0.1175
0 0.5756249999999999 0.48208333333333336 0.07859374999999999 0.115625
0 0.66640625 0.4608333333333333 0.0565625 0.10104166666666667
0 0.73625 0.215 0.07906250000000001 0.1225
0 0.64328125 0.23770833333333333 0.09078125000000001 0.11312499999999999
0 0.55734375 0.3375 0.07828125 0.1175
0 0.5756249999999999 0.48208333333333336 0.07859374999999999 0.115625
0 0.66640625 0.4608333333333333 0.0565625 0.10104166666666667
