0 0.5321875 0.33249999999999996 0.045156249999999995 0.08979166666666667
0 0.6292187499999999 0.19770833333333335 0.045625 0.0875
0 0.71546875 0.34312499999999996 0.045156249999999995 0.08520833333333333
0 0.5321875 0.33249999999999996 0.045156249999999995 0.08979166666666667
0 0.6292187499999999 0.19770833333333335 0.045625 0.0875
0 0.71546875 0.34312499999999996 0.045156249999999995 0.08520833333333333
0 0.5321875 0.33249999999999996 0.045156249999999995 0.08979166666666667
0 0.6292187499999999 0.19770833333333335 0.045625 0.0875
0 0.71546875 0.34312499999999996 0.045156249999999995 0.08520833333333333
0 0.5321875 0.33249999999999996 0.045156249999999995 0.08979166666666667
0 0.6292187499999999 0.19770833333333335 0.045625 0.0875
0 0.71546875 0.34312499999999996 0.045156249999999995 0.08520833333333333
0 0.5321875 0.33249999999999996 0.045156249999999995 0.08979166666666667
0 0.6292187499999999 0.19770833333333335 0.045625 0.0875
0 0.71546875 0.34312499999999996 0.045156249999999995 0.08520833333333333
0 0.5321875 0.33249999999999996 0.045156249999999995 0.08979166666666667
0 0.6292187499999999 0.19770833333333335 0.045625 0.0875
0 0.71546875 0.34312499999999996 0.045156249999999995 0.08520833333333333
