0 0.5470312500000001 0.3910416666666666 0.05046874999999999 0.08041666666666666
0 0.54796875 0.26937500000000003 0.045625 0.08854166666666667
0 0.54796875 0.15041666666666667 0.04421875 0.08708333333333333
0 0.6540625 0.15291666666666667 0.07515625000000001 0.09770833333333333
0 0.653125 0.271875 0.04546875 0.08375
0 0.655 0.38979166666666665 0.057343750000000006 0.07270833333333333
0 0.5470312500000001 0.3910416666666666 0.05046874999999999 0.08041666666666666
0 0.54796875 0.26937500000000003 0.045625 0.08854166666666667
0 0.54796875 0.15041666666666667 0.04421875 0.08708333333333333
0 0.6540625 0.15291666666666667 0.07515625000000001 0.09770833333333333
0 0.653125 0.271875 0.04546875 0.08375
0 0.655 0.38979166666666665 0.057343750000000006 0.07270833333333333
0 0.5470312500000001 0.3910416666666666 0.05046874999999999 0.08041666666666666
0 0.54796875 0.26937500000000003 0.045625 0.08854166666666667
0 0.54796875 0.15041666666666667 0.04421875 0.08708333333333333
0 0.6540625 0.15291666666666667 0.07515625000000001 0.09770833333333333
0 0.653125 0.271875 0.04546875 0.08375
0 0.655 0.38979166666666665 0.057343750000000006 0.07270833333333333
0 0.5470312500000001 0.3910416666666666 0.05046874999999999 0.08041666666666666
0 0.54796875 0.26937500000000003 0.045625 0.08854166666666667
0 0.54796875 0.15041666666666667 0.04421875 0.08708333333333333
0 0.6540625 0.15291666666666667 0.07515625000000001 0.09770833333333333
0 0.653125 0.271875 0.04546875 0.08375
0 0.655 0.38979166666666665 0.057343750000000006 0.07270833333333333
0 0.5470312500000001 0.3910416666666666 0.05046874999999999 0.08041666666666666
0 0.54796875 0.26937500000000003 0.045625 0.08854166666666667
0 0.54796875 0.15041666666666667 0.04421875 0.08708333333333333
0 0.6540625 0.15291666666666667 0.07515625000000001 0.09770833333333333
0 0.653125 0.271875 0.04546875 0.08375
0 0.655 0.38979166666666665 0.057343750000000006 0.07270833333333333
0 0.5470312500000001 0.3910416666666666 0.05046874999999999 0.08041666666666666
0 0.54796875 0.26937500000000003 0.045625 0.08854166666666667
0 0.54796875 0.15041666666666667 0.04421875 0.08708333333333333
0 0.6540625 0.15291666666666667 0.07515625000000001 0.09770833333333333
0 0.653125 0.271875 0.04546875 0.08375
0 0.655 0.38979166666666665 0.057343750000000006 0.07270833333333333
