0 0.5404687499999999 0.19312500000000002 0.0496875 0.09916666666666667
0 0.5348437500000001 0.34750000000000003 0.050624999999999996 0.09895833333333333
0 0.6296875 0.35270833333333335 0.0878125 0.11145833333333334
0 0.63390625 0.19770833333333335 0.08390625 0.11708333333333334
0 0.73171875 0.20083333333333334 0.0871875 0.10479166666666666
0 0.7264062499999999 0.353125 0.058437499999999996 0.10375
0 0.5404687499999999 0.19312500000000002 0.0496875 0.09916666666666667
0 0.5348437500000001 0.34750000000000003 0.050624999999999996 0.09895833333333333
0 0.6296875 0.35270833333333335 0.0878125 0.11145833333333334
0 0.63390625 0.19770833333333335 0.08390625 0.11708333333333334
0 0.73171875 0.20083333333333334 0.0871875 0.10479166666666666
0 0.7264062499999999 0.353125 0.058437499999999996 0.10375
0 0.5404687499999999 0.19312500000000002 0.0496875 0.09916666666666667
0 0.5348437500000001 0.34750000000000003 0.050624999999999996 0.09895833333333333
0 0.6296875 0.35270833333333335 0.0878125 0.11145833333333334
0 0.63390625 0.19770833333333335 0.08390625 0.11708333333333334
0 0.73171875 0.20083333333333334 0.0871875 0.10479166666666666
0 0.7264062499999999 0.353125 0.058437499999999996 0.10375
0 0.5404687499999999 0.19312500000000002 0.0496875 0.09916666666666667
0 0.5348437500000001 0.34750000000000003 0.050624999999999996 0.09895833333333333
0 0.6296875 0.35270833333333335 0.0878125 0.11145833333333334
0 0.63390625 0.19770833333333335 0.08390625 0.11708333333333334
0 0.73171875 0.20083333333333334 0.0871875 0.10479166666666666
0 0.7264062499999999 0.353125 0.058437499999999996 0.10375
0 0.5404687499999999 0.19312500000000002 0.0496875 0.09916666666666667
0 0.5348437500000001 0.34750000000000003 0.050624999999999996 0.09895833333333333
0 0.6296875 0.35270833333333335 0.0878125 0.11145833333333334
0 0.63390625 0.19770833333333335 0.08390625 0.11708333333333334
0 0.73171875 0.20083333333333334 0.0871875 0.10479166666666666
0 0.7264062499999999 0.353125 0.058437499999999996 0.10375
0 0.5404687499999999 0.19312500000000002 0.0496875 0.09916666666666667
0 0.5348437500000001 0.34750000000000003 0.050624999999999996 0.09895833333333333
0 0.6296875 0.35270833333333335 0.0878125 0.11145833333333334
0 0.63390625 0.19770833333333335 0.08390625 0.11708333333333334
0 0.73171875 0.20083333333333334 0.0871875 0.10479166666666666
0 0.7264062499999999 0.353125 0.058437499999999996 0.10375
