0 0.6178125 0.40270833333333333 0.0728125 0.06625
0 0.6171875 0.250625 0.08499999999999999 0.09625
0 0.71359375 0.24729166666666666 0.075 0.06645833333333333
0 0.7096875 0.39979166666666666 0.07921875 0.08
0 0.8048437500000001 0.400625 0.08296875000000001 0.11666666666666667
0 0.80984375 0.24708333333333332 0.05390625 0.10104166666666667
0 0.6178125 0.40270833333333333 0.0728125 0.06625
0 0.6171875 0.250625 0.08499999999999999 0.09625
0 0.71359375 0.24729166666666666 0.075 0.06645833333333333
0 0.7096875 0.39979166666666666 0.07921875 0.08
0 0.8048437500000001 0.400625 0.08296875000000001 0.11666666666666667
0 0.80984375 0.24708333333333332 0.05390625 0.10104166666666667
0 0.6178125 0.40270833333333333 0.0728125 0.06625
0 0.6171875 0.250625 0.08499999999999999 0.09625
0 0.71359375 0.24729166666666666 0.075 0.06645833333333333
0 0.7096875 0.39979166666666666 0.07921875 0.08
0 0.8048437500000001 0.400625 0.08296875000000001 0.11666666666666667
0 0.80984375 0.24708333333333332 0.05390625 0.10104166666666667
0 0.6178125 0.40270833333333333 0.0728125 0.06625
0 0.6171875 0.250625 0.08499999999999999 0.09625
0 0.71359375 0.24729166666666666 0.075 0.06645833333333333
0 0.7096875 0.39979166666666666 0.07921875 0.08
0 0.8048437500000001 0.400625 0.08296875000000001 0.11666666666666667
0 0.80984375 0.24708333333333332 0.05390625 0.10104166666666667
0 0.6178125 0.40270833333333333 0.0728125 0.06625
0 0.6171875 0.250625 0.08499999999999999 0.09625
0 0.71359375 0.24729166666666666 0.075 0.06645833333333333
0 0.7096875 0.39979166666666666 0.07921875 0.08
0 0.8048437500000001 0.400625 0.08296875000000001 0.11666666666666667
0 0.80984375 0.24708333333333332 0.05390625 0.10104166666666667
0 0.6178125 0.40270833333333333 0.0728125 0.06625
0 0.6171875 0.250625 0.08499999999999999 0.09625
0 0.71359375 0.24729166666666666 0.075 0.06645833333333333
0 0.7096875 0.39979166666666666 0.07921875 0.08
0 0.8048437500000001 0.400625 0.08296875000000001 0.11666666666666667
0 0.80984375 0.24708333333333332 0.05390625 0.10104166666666667
