0 0.5639062499999999 0.16916666666666666 0.055937499999999994 0.06416666666666666
0 0.5639062499999999 0.2920833333333333 0.04359375 0.090625
0 0.5667187499999999 0.4060416666666667 0.06640625 0.06166666666666667
0 0.6720312500000001 0.40354166666666663 0.06859375 0.06145833333333333
0 0.67109375 0.284375 0.04484375 0.088125
0 0.67109375 0.16416666666666666 0.0690625 0.05979166666666667
0 0.5639062499999999 0.16916666666666666 0.055937499999999994 0.06416666666666666
0 0.5639062499999999 0.2920833333333333 0.04359375 0.090625
0 0.5667187499999999 0.4060416666666667 0.06640625 0.06166666666666667
0 0.6720312500000001 0.40354166666666663 0.06859375 0.06145833333333333
0 0.67109375 0.284375 0.04484375 0.088125
0 0.67109375 0.16416666666666666 0.0690625 0.05979166666666667
0 0.5639062499999999 0.16916666666666666 0.055937499999999994 0.06416666666666666
0 0.5639062499999999 0.2920833333333333 0.04359375 0.090625
0 0.5667187499999999 0.4060416666666667 0.06640625 0.06166666666666667
0 0.6720312500000001 0.40354166666666663 0.06859375 0.06145833333333333
0 0.67109375 0.284375 0.04484375 0.088125
0 0.67109375 0.16416666666666666 0.0690625 0.05979166666666667
0 0.5639062499999999 0.16916666666666666 0.055937499999999994 0.06416666666666666
0 0.5639062499999999 0.2920833333333333 0.04359375 0.090625
0 0.5667187499999999 0.4060416666666667 0.06640625 0.06166666666666667
0 0.6720312500000001 0.40354166666666663 0.06859375 0.06145833333333333
0 0.67109375 0.284375 0.04484375 0.088125
0 0.67109375 0.16416666666666666 0.0690625 0.05979166666666667
0 0.5639062499999999 0.16916666666666666 0.055937499999999994 0.06416666666666666
0 0.5639062499999999 0.2920833333333333 0.04359375 0.090625
0 0.5667187499999999 0.4060416666666667 0.06640625 0.06166666666666667
0 0.6720312500000001 0.40354166666666663 0.06859375 0.06145833333333333
0 0.67109375 0.284375 0.04484375 0.088125
0 0.67109375 0.16416666666666666 0.0690625 0.05979166666666667
0 0.5639062499999999 0.16916666666666666 0.055937499999999994 0.06416666666666666
0 0.5639062499999999 0.2920833333333333 0.04359375 0.090625
0 0.5667187499999999 0.4060416666666667 0.06640625 0.06166666666666667
0 0.6720312500000001 0.40354166666666663 0.06859375 0.06145833333333333
0 0.67109375 0.284375 0.04484375 0.088125
0 0.67109375 0.16416666666666666 0.0690625 0.05979166666666667
