0 0.57625 0.4814583333333333 0.07859374999999999 0.115625
0 0.66703125 0.46041666666666664 0.0565625 0.10104166666666667
0 0.5582812500000001 0.33666666666666667 0.07984375 0.1175
0 0.64328125 0.23666666666666666 0.08984375 0.110625
0 0.73703125 0.21520833333333333 0.07875 0.12354166666666666
0 0.57625 0.4814583333333333 0.07859374999999999 0.115625
0 0.66703125 0.46041666666666664 0.0565625 0.10104166666666667
0 0.5582812500000001 0.33666666666666667 0.07984375 0.1175
0 0.64328125 0.23666666666666666 0.08984375 0.110625
0 0.73703125 0.21520833333333333 0.07875 0.12354166666666666
0 0.57625 0.4814583333333333 0.07859374999999999 0.115625
0 0.66703125 0.46041666666666664 0.0565625 0.10104166666666667
0 0.5582812500000001 0.33666666666666667 0.07984375 0.1175
0 0.64328125 0.23666666666666666 0.08984375 0.110625
0 0.73703125 0.21520833333333333 0.07875 0.12354166666666666
0 0.57625 0.4814583333333333 0.07859374999999999 0.115625
0 0.66703125 0.46041666666666664 0.0565625 0.10104166666666667
0 0.5582812500000001 0.33666666666666667 0.07984375 0.1175
0 0.64328125 0.23666666666666666 0.08984375 0.110625
0 0.73703125 0.21520833333333333 0.07875 0.12354166666666666
0 0.57625 0.4814583333333333 0.07859374999999999 0.115625
0 0.66703125 0.46041666666666664 0.0565625 0.10104166666666667
0 0.5582812500000001 0.33666666666666667 0.07984375 0.1175
0 0.64328125 0.23666666666666666 0.08984375 0.110625
0 0.73703125 0.21520833333333333 0.07875 0.12354166666666666
0 0.57625 0.4814583333333333 0.07859374999999999 0.115625
0 0.66703125 0.46041666666666664 0.0565625 0.10104166666666667
0 0.5582812500000001 0.33666666666666667 0.07984375 0.1175
0 0.64328125 0.23666666666666666 0.08984375 0.110625
0 0.73703125 0.21520833333333333 0.07875 0.12354166666666666
