0 0.6534375 0.17083333333333334 0.08765625 0.10437500000000001
0 0.704375 0.32208333333333333 0.074375 0.07083333333333333
0 0.7515625 0.24375 0.08484375 0.09041666666666666
0 0.65828125 0.3985416666666667 0.06859375 0.11208333333333333
0 0.6534375 0.17083333333333334 0.08765625 0.10437500000000001
0 0.704375 0.32208333333333333 0.074375 0.07083333333333333
0 0.7515625 0.24375 0.08484375 0.09041666666666666
0 0.65828125 0.3985416666666667 0.06859375 0.11208333333333333
0 0.6534375 0.17083333333333334 0.08765625 0.10437500000000001
0 0.704375 0.32208333333333333 0.074375 0.07083333333333333
0 0.7515625 0.24375 0.08484375 0.09041666666666666
0 0.65828125 0.3985416666666667 0.06859375 0.11208333333333333
0 0.6534375 0.17083333333333334 0.08765625 0.10437500000000001
0 0.704375 0.32208333333333333 0.074375 0.07083333333333333
0 0.7515625 0.24375 0.08484375 0.09041666666666666
0 0.65828125 0.3985416666666667 0.06859375 0.11208333333333333
0 0.6534375 0.17083333333333334 0.08765625 0.10437500000000001
0 0.704375 0.32208333333333333 0.074375 0.07083333333333333
0 0.7515625 0.24375 0.08484375 0.09041666666666666
0 0.65828125 0.3985416666666667 0.06859375 0.11208333333333333
0 0.6534375 0.17083333333333334 0.08765625 0.10437500000000001
0 0.704375 0.32208333333333333 0.074375 0.07083333333333333
0 0.7515625 0.24375 0.08484375 0.09041666666666666
0 0.65828125 0.3985416666666667 0.06859375 0.11208333333333333
