0 0.6325000000000001 0.18916666666666665 0.07062500000000001 0.06229166666666666
0 0.5795312499999999 0.33125 0.0828125 0.093125
0 0.6725 0.265 0.07062500000000001 0.06229166666666666
0 0.6676562500000001 0.4083333333333333 0.050624999999999996 0.09729166666666668
0 0.7621875 0.3435416666666667 0.08296875000000001 0.10958333333333334
0 0.7215625 0.19562500000000002 0.08109374999999999 0.08729166666666667
0 0.6325000000000001 0.18916666666666665 0.07062500000000001 0.06229166666666666
0 0.5795312499999999 0.33125 0.0828125 0.093125
0 0.6725 0.265 0.07062500000000001 0.06229166666666666
0 0.6676562500000001 0.4083333333333333 0.050624999999999996 0.09729166666666668
0 0.7621875 0.3435416666666667 0.08296875000000001 0.10958333333333334
0 0.7215625 0.19562500000000002 0.08109374999999999 0.08729166666666667
0 0.6325000000000001 0.18916666666666665 0.07062500000000001 0.06229166666666666
0 0.5795312499999999 0.33125 0.0828125 0.093125
0 0.6725 0.265 0.07062500000000001 0.06229166666666666
0 0.6676562500000001 0.4083333333333333 0.050624999999999996 0.09729166666666668
0 0.7621875 0.3435416666666667 0.08296875000000001 0.10958333333333334
0 0.7215625 0.19562500000000002 0.08109374999999999 0.08729166666666667
0 0.6325000000000001 0.18916666666666665 0.07062500000000001 0.06229166666666666
0 0.5795312499999999 0.33125 0.0828125 0.093125
0 0.6725 0.265 0.07062500000000001 0.06229166666666666
0 0.6676562500000001 0.4083333333333333 0.050624999999999996 0.09729166666666668
0 0.7621875 0.3435416666666667 0.08296875000000001 0.10958333333333334
0 0.7215625 0.19562500000000002 0.08109374999999999 0.08729166666666667
0 0.6325000000000001 0.18916666666666665 0.07062500000000001 0.06229166666666666
0 0.5795312499999999 0.33125 0.0828125 0.093125
0 0.6725 0.265 0.07062500000000001 0.06229166666666666
0 0.6676562500000001 0.4083333333333333 0.050624999999999996 0.09729166666666668
0 0.7621875 0.3435416666666667 0.08296875000000001 0.10958333333333334
0 0.7215625 0.19562500000000002 0.08109374999999999 0.08729166666666667
0 0.6325000000000001 0.18916666666666665 0.07062500000000001 0.06229166666666666
0 0.5795312499999999 0.33125 0.0828125 0.093125
0 0.6725 0.265 0.07062500000000001 0.06229166666666666
0 0.6676562500000001 0.4083333333333333 0.050624999999999996 0.09729166666666668
0 0.7621875 0.3435416666666667 0.08296875000000001 0.10958333333333334
0 0.7215625 0.19562500000000002 0.08109374999999999 0.08729166666666667
