0 0.57875 0.11458333333333333 0.06671875000000001 0.11416666666666667
0 0.5765625 0.27145833333333336 0.04953125 0.09895833333333333
0 0.6725 0.26937500000000003 0.08765625 0.110625
0 0.76953125 0.26937500000000003 0.09078125000000001 0.10020833333333333
0 0.7737499999999999 0.11583333333333333 0.091875 0.115625
0 0.67390625 0.11624999999999999 0.0715625 0.11604166666666667
0 0.57875 0.11458333333333333 0.06671875000000001 0.11416666666666667
0 0.5765625 0.27145833333333336 0.04953125 0.09895833333333333
0 0.6725 0.26937500000000003 0.08765625 0.110625
0 0.76953125 0.26937500000000003 0.09078125000000001 0.10020833333333333
0 0.7737499999999999 0.11583333333333333 0.091875 0.115625
0 0.67390625 0.11624999999999999 0.0715625 0.11604166666666667
0 0.57875 0.11458333333333333 0.06671875000000001 0.11416666666666667
0 0.5765625 0.27145833333333336 0.04953125 0.09895833333333333
0 0.6725 0.26937500000000003 0.08765625 0.110625
0 0.76953125 0.26937500000000003 0.09078125000000001 0.10020833333333333
0 0.7737499999999999 0.11583333333333333 0.091875 0.115625
0 0.67390625 0.11624999999999999 0.0715625 0.11604166666666667
0 0.57875 0.11458333333333333 0.06671875000000001 0.11416666666666667
0 0.5765625 0.27145833333333336 0.04953125 0.09895833333333333
0 0.6725 0.26937500000000003 0.08765625 0.110625
0 0.76953125 0.26937500000000003 0.09078125000000001 0.10020833333333333
0 0.7737499999999999 0.11583333333333333 0.091875 0.115625
0 0.67390625 0.11624999999999999 0.0715625 0.11604166666666667
0 0.57875 0.11458333333333333 0.06671875000000001 0.11416666666666667
0 0.5765625 0.27145833333333336 0.04953125 0.09895833333333333
0 0.6725 0.26937500000000003 0.08765625 0.110625
0 0.76953125 0.26937500000000003 0.09078125000000001 0.10020833333333333
0 0.7737499999999999 0.11583333333333333 0.091875 0.115625
0 0.67390625 0.11624999999999999 0.0715625 0.11604166666666667
0 0.57875 0.11458333333333333 0.06671875000000001 0.11416666666666667
0 0.5765625 0.27145833333333336 0.04953125 0.09895833333333333
0 0.6725 0.26937500000000003 0.08765625 0.110625
0 0.76953125 0.26937500000000003 0.09078125000000001 0.10020833333333333
0 0.7737499999999999 0.11583333333333333 0.091875 0.115625
0 0.67390625 0.11624999999999999 0.0715625 0.11604166666666667
