0 0.615 0.27208333333333334 0.08640624999999999 0.11083333333333334
0 0.61640625 0.119375 0.08499999999999999 0.09604166666666666
0 0.71328125 0.11666666666666667 0.08687500000000001 0.11145833333333334
0 0.7121875 0.2725 0.07265625 0.11604166666666667
0 0.80828125 0.2675 0.06609374999999999 0.1125
0 0.8110937500000001 0.11208333333333333 0.07640625 0.115
0 0.615 0.27208333333333334 0.08640624999999999 0.11083333333333334
0 0.61640625 0.119375 0.08499999999999999 0.09604166666666666
0 0.71328125 0.11666666666666667 0.08687500000000001 0.11145833333333334
0 0.7121875 0.2725 0.07265625 0.11604166666666667
0 0.80828125 0.2675 0.06609374999999999 0.1125
0 0.8110937500000001 0.11208333333333333 0.07640625 0.115
0 0.615 0.27208333333333334 0.08640624999999999 0.11083333333333334
0 0.61640625 0.119375 0.08499999999999999 0.09604166666666666
0 0.71328125 0.11666666666666667 0.08687500000000001 0.11145833333333334
0 0.7121875 0.2725 0.07265625 0.11604166666666667
0 0.80828125 0.2675 0.06609374999999999 0.1125
0 0.8110937500000001 0.11208333333333333 0.07640625 0.115
0 0.615 0.27208333333333334 0.08640624999999999 0.11083333333333334
0 0.61640625 0.119375 0.08499999999999999 0.09604166666666666
0 0.71328125 0.11666666666666667 0.08687500000000001 0.11145833333333334
0 0.7121875 0.2725 0.07265625 0.11604166666666667
0 0.80828125 0.2675 0.06609374999999999 0.1125
0 0.8110937500000001 0.11208333333333333 0.07640625 0.115
0 0.615 0.27208333333333334 0.08640624999999999 0.11083333333333334
0 0.61640625 0.119375 0.08499999999999999 0.09604166666666666
0 0.71328125 0.11666666666666667 0.08687500000000001 0.11145833333333334
0 0.7121875 0.2725 0.07265625 0.11604166666666667
0 0.80828125 0.2675 0.06609374999999999 0.1125
0 0.8110937500000001 0.11208333333333333 0.07640625 0.115
0 0.615 0.27208333333333334 0.08640624999999999 0.11083333333333334
0 0.61640625 0.119375 0.08499999999999999 0.09604166666666666
0 0.71328125 0.11666666666666667 0.08687500000000001 0.11145833333333334
0 0.7121875 0.2725 0.07265625 0.11604166666666667
0 0.80828125 0.2675 0.06609374999999999 0.1125
0 0.8110937500000001 0.11208333333333333 0.07640625 0.115
