0 0.54796875 0.3960416666666667 0.0625 0.06229166666666666
0 0.54609375 0.27687500000000004 0.044687500000000005 0.08854166666666667
0 0.54234375 0.15916666666666668 0.056874999999999995 0.07208333333333333
0 0.6484375 0.15416666666666667 0.05671875 0.06875
0 0.65125 0.274375 0.0646875 0.06270833333333334
0 0.6559375000000001 0.3922916666666667 0.060312500000000005 0.06958333333333333
0 0.54796875 0.3960416666666667 0.0625 0.06229166666666666
0 0.54609375 0.27687500000000004 0.044687500000000005 0.08854166666666667
0 0.54234375 0.15916666666666668 0.056874999999999995 0.07208333333333333
0 0.6484375 0.15416666666666667 0.05671875 0.06875
0 0.65125 0.274375 0.0646875 0.06270833333333334
0 0.6559375000000001 0.3922916666666667 0.060312500000000005 0.06958333333333333
0 0.54796875 0.3960416666666667 0.0625 0.06229166666666666
0 0.54609375 0.27687500000000004 0.044687500000000005 0.08854166666666667
0 0.54234375 0.15916666666666668 0.056874999999999995 0.07208333333333333
0 0.6484375 0.15416666666666667 0.05671875 0.06875
0 0.65125 0.274375 0.0646875 0.06270833333333334
0 0.6559375000000001 0.3922916666666667 0.060312500000000005 0.06958333333333333
0 0.54796875 0.3960416666666667 0.0625 0.06229166666666666
0 0.54609375 0.27687500000000004 0.044687500000000005 0.08854166666666667
0 0.54234375 0.15916666666666668 0.056874999999999995 0.07208333333333333
0 0.6484375 0.15416666666666667 0.05671875 0.06875
0 0.65125 0.274375 0.0646875 0.06270833333333334
0 0.6559375000000001 0.3922916666666667 0.060312500000000005 0.06958333333333333
0 0.54796875 0.3960416666666667 0.0625 0.06229166666666666
0 0.54609375 0.27687500000000004 0.044687500000000005 0.08854166666666667
0 0.54234375 0.15916666666666668 0.056874999999999995 0.07208333333333333
0 0.6484375 0.15416666666666667 0.05671875 0.06875
0 0.65125 0.274375 0.0646875 0.06270833333333334
0 0.6559375000000001 0.3922916666666667 0.060312500000000005 0.06958333333333333
0 0.54796875 0.3960416666666667 0.0625 0.06229166666666666
0 0.54609375 0.27687500000000004 0.044687500000000005 0.08854166666666667
0 0.54234375 0.15916666666666668 0.056874999999999995 0.07208333333333333
0 0.6484375 0.15416666666666667 0.05671875 0.06875
0 0.65125 0.274375 0.0646875 0.06270833333333334
0 0.6559375000000001 0.3922916666666667 0.060312500000000005 0.06958333333333333
