0 0.59265625 0.16666666666666666 0.07359375 0.06875
0 0.6396875 0.3939583333333333 0.07671875 0.11458333333333333
0 0.7371875 0.31875 0.08703125 0.108125
0 0.59265625 0.16666666666666666 0.07359375 0.06875
0 0.6396875 0.3939583333333333 0.07671875 0.11458333333333333
0 0.7371875 0.31875 0.08703125 0.108125
0 0.59265625 0.16666666666666666 0.07359375 0.06875
0 0.6396875 0.3939583333333333 0.07671875 0.11458333333333333
0 0.7371875 0.31875 0.08703125 0.108125
0 0.59265625 0.16666666666666666 0.07359375 0.06875
0 0.6396875 0.3939583333333333 0.07671875 0.11458333333333333
0 0.7371875 0.31875 0.08703125 0.108125
0 0.59265625 0.16666666666666666 0.07359375 0.06875
0 0.6396875 0.3939583333333333 0.07671875 0.11458333333333333
0 0.7371875 0.31875 0.08703125 0.108125
0 0.59265625 0.16666666666666666 0.07359375 0.06875
0 0.6396875 0.3939583333333333 0.07671875 0.11458333333333333
0 0.7371875 0.31875 0.08703125 0.108125
