0 0.5387500000000001 0.3047916666666667 0.0721875 0.07
0 0.63359375 0.246875 0.07828125 0.10666666666666667
0 0.7201562499999999 0.32541666666666663 0.08015625 0.10416666666666667
0 0.59296875 0.17125 0.08109374999999999 0.10541666666666667
0 0.5387500000000001 0.3047916666666667 0.0721875 0.07
0 0.63359375 0.246875 0.07828125 0.10666666666666667
0 0.7201562499999999 0.32541666666666663 0.08015625 0.10416666666666667
0 0.59296875 0.17125 0.08109374999999999 0.10541666666666667
0 0.5387500000000001 0.3047916666666667 0.0721875 0.07
0 0.63359375 0.246875 0.07828125 0.10666666666666667
0 0.7201562499999999 0.32541666666666663 0.08015625 0.10416666666666667
0 0.59296875 0.17125 0.08109374999999999 0.10541666666666667
0 0.5387500000000001 0.3047916666666667 0.0721875 0.07
0 0.63359375 0.246875 0.07828125 0.10666666666666667
0 0.7201562499999999 0.32541666666666663 0.08015625 0.10416666666666667
0 0.59296875 0.17125 0.08109374999999999 0.10541666666666667
0 0.5387500000000001 0.3047916666666667 0.0721875 0.07
0 0.63359375 0.246875 0.07828125 0.10666666666666667
0 0.7201562499999999 0.32541666666666663 0.08015625 0.10416666666666667
0 0.59296875 0.17125 0.08109374999999999 0.10541666666666667
0 0.5387500000000001 0.3047916666666667 0.0721875 0.07
0 0.63359375 0.246875 0.07828125 0.10666666666666667
0 0.7201562499999999 0.32541666666666663 0.08015625 0.10416666666666667
0 0.59296875 0.17125 0.08109374999999999 0.10541666666666667
