0 0.5671875 0.40395833333333336 0.06546874999999999 0.05979166666666667
0 0.56296875 0.284375 0.057343750000000006 0.07104166666666667
0 0.56484375 0.16416666666666666 0.0540625 0.07291666666666667
0 0.67109375 0.16541666666666668 0.046406249999999996 0.08854166666666667
0 0.67265625 0.284375 0.0528125 0.08125
0 0.67125 0.4008333333333333 0.0478125 0.08458333333333333
0 0.5671875 0.40395833333333336 0.06546874999999999 0.05979166666666667
0 0.56296875 0.284375 0.057343750000000006 0.07104166666666667
0 0.56484375 0.16416666666666666 0.0540625 0.07291666666666667
0 0.67109375 0.16541666666666668 0.046406249999999996 0.08854166666666667
0 0.67265625 0.284375 0.0528125 0.08125
0 0.67125 0.4008333333333333 0.0478125 0.08458333333333333
0 0.5671875 0.40395833333333336 0.06546874999999999 0.05979166666666667
0 0.56296875 0.284375 0.057343750000000006 0.07104166666666667
0 0.56484375 0.16416666666666666 0.0540625 0.07291666666666667
0 0.67109375 0.16541666666666668 0.046406249999999996 0.08854166666666667
0 0.67265625 0.284375 0.0528125 0.08125
0 0.67125 0.4008333333333333 0.0478125 0.08458333333333333
0 0.5671875 0.40395833333333336 0.06546874999999999 0.05979166666666667
0 0.56296875 0.284375 0.057343750000000006 0.07104166666666667
0 0.56484375 0.16416666666666666 0.0540625 0.07291666666666667
0 0.67109375 0.16541666666666668 0.046406249999999996 0.08854166666666667
0 0.67265625 0.284375 0.0528125 0.08125
0 0.67125 0.4008333333333333 0.0478125 0.08458333333333333
0 0.5671875 0.40395833333333336 0.06546874999999999 0.05979166666666667
0 0.56296875 0.284375 0.057343750000000006 0.07104166666666667
0 0.56484375 0.16416666666666666 0.0540625 0.07291666666666667
0 0.67109375 0.16541666666666668 0.046406249999999996 0.08854166666666667
0 0.67265625 0.284375 0.0528125 0.08125
0 0.67125 0.4008333333333333 0.0478125 0.08458333333333333
0 0.5671875 0.40395833333333336 0.06546874999999999 0.05979166666666667
0 0.56296875 0.284375 0.057343750000000006 0.07104166666666667
0 0.56484375 0.16416666666666666 0.0540625 0.07291666666666667
0 0.67109375 0.16541666666666668 0.046406249999999996 0.08854166666666667
0 0.67265625 0.284375 0.0528125 0.08125
0 0.67125 0.4008333333333333 0.0478125 0.08458333333333333
