0 0.8115625 0.24187499999999998 0.0796875 0.12125000000000001
0 0.71546875 0.24437499999999998 0.0865625 0.09520833333333334
0 0.6196875000000001 0.23791666666666667 0.08984375 0.11208333333333333
0 0.615 0.391875 0.07296875 0.06833333333333333
0 0.7095312500000001 0.3925 0.08828125 0.111875
0 0.80625 0.39770833333333333 0.08828125 0.10416666666666667
0 0.8115625 0.24187499999999998 0.0796875 0.12125000000000001
0 0.71546875 0.24437499999999998 0.0865625 0.09520833333333334
0 0.6196875000000001 0.23791666666666667 0.08984375 0.11208333333333333
0 0.615 0.391875 0.07296875 0.06833333333333333
0 0.7095312500000001 0.3925 0.08828125 0.111875
0 0.80625 0.39770833333333333 0.08828125 0.10416666666666667
0 0.8115625 0.24187499999999998 0.0796875 0.12125000000000001
0 0.71546875 0.24437499999999998 0.0865625 0.09520833333333334
0 0.6196875000000001 0.23791666666666667 0.08984375 0.11208333333333333
0 0.615 0.391875 0.07296875 0.06833333333333333
0 0.7095312500000001 0.3925 0.08828125 0.111875
0 0.80625 0.39770833333333333 0.08828125 0.10416666666666667
0 0.8115625 0.24187499999999998 0.0796875 0.12125000000000001
0 0.71546875 0.24437499999999998 0.0865625 0.09520833333333334
0 0.6196875000000001 0.23791666666666667 0.08984375 0.11208333333333333
0 0.615 0.391875 0.07296875 0.06833333333333333
0 0.7095312500000001 0.3925 0.08828125 0.111875
0 0.80625 0.39770833333333333 0.08828125 0.10416666666666667
0 0.8115625 0.24187499999999998 0.0796875 0.12125000000000001
0 0.71546875 0.24437499999999998 0.0865625 0.09520833333333334
0 0.6196875000000001 0.23791666666666667 0.08984375 0.11208333333333333
0 0.615 0.391875 0.07296875 0.06833333333333333
0 0.7095312500000001 0.3925 0.08828125 0.111875
0 0.80625 0.39770833333333333 0.08828125 0.10416666666666667
0 0.8115625 0.24187499999999998 0.0796875 0.12125000000000001
0 0.71546875 0.24437499999999998 0.0865625 0.09520833333333334
0 0.6196875000000001 0.23791666666666667 0.08984375 0.11208333333333333
0 0.615 0.391875 0.07296875 0.06833333333333333
0 0.7095312500000001 0.3925 0.08828125 0.111875
0 0.80625 0.39770833333333333 0.08828125 0.10416666666666667
