0 0.6528125 0.10770833333333334 0.078125 0.08208333333333333
0 0.64890625 0.22979166666666667 0.0709375 0.06749999999999999
0 0.75328125 0.24166666666666667 0.07578125 0.1125
0 0.76125 0.1175 0.079375 0.08625
0 0.64140625 0.34958333333333336 0.0590625 0.10291666666666667
0 0.74921875 0.36020833333333335 0.0709375 0.06833333333333333
0 0.6528125 0.10770833333333334 0.078125 0.08208333333333333
0 0.64890625 0.22979166666666667 0.0709375 0.06749999999999999
0 0.75328125 0.24166666666666667 0.07578125 0.1125
0 0.76125 0.1175 0.079375 0.08625
0 0.64140625 0.34958333333333336 0.0590625 0.10291666666666667
0 0.74921875 0.36020833333333335 0.0709375 0.06833333333333333
0 0.6528125 0.10770833333333334 0.078125 0.08208333333333333
0 0.64890625 0.22979166666666667 0.0709375 0.06749999999999999
0 0.75328125 0.24166666666666667 0.07578125 0.1125
0 0.76125 0.1175 0.079375 0.08625
0 0.64140625 0.34958333333333336 0.0590625 0.10291666666666667
0 0.74921875 0.36020833333333335 0.0709375 0.06833333333333333
0 0.6528125 0.10770833333333334 0.078125 0.08208333333333333
0 0.64890625 0.22979166666666667 0.0709375 0.06749999999999999
0 0.75328125 0.24166666666666667 0.07578125 0.1125
0 0.76125 0.1175 0.079375 0.08625
0 0.64140625 0.34958333333333336 0.0590625 0.10291666666666667
0 0.74921875 0.36020833333333335 0.0709375 0.06833333333333333
0 0.6528125 0.10770833333333334 0.078125 0.08208333333333333
0 0.64890625 0.22979166666666667 0.0709375 0.06749999999999999
0 0.75328125 0.24166666666666667 0.07578125 0.1125
0 0.76125 0.1175 0.079375 0.08625
0 0.64140625 0.34958333333333336 0.0590625 0.10291666666666667
0 0.74921875 0.36020833333333335 0.0709375 0.06833333333333333
0 0.6528125 0.10770833333333334 0.078125 0.08208333333333333
0 0.64890625 0.22979166666666667 0.0709375 0.06749999999999999
0 0.75328125 0.24166666666666667 0.07578125 0.1125
0 0.76125 0.1175 0.079375 0.08625
0 0.64140625 0.34958333333333336 0.0590625 0.10291666666666667
0 0.74921875 0.36020833333333335 0.0709375 0.06833333333333333
