0 0.5389062499999999 0.3314583333333333 0.04484375 0.08916666666666666
0 0.6329687500000001 0.19520833333333334 0.0828125 0.09666666666666666
0 0.7185937499999999 0.335625 0.04484375 0.08958333333333333
0 0.5389062499999999 0.3314583333333333 0.04484375 0.08916666666666666
0 0.6329687500000001 0.19520833333333334 0.0828125 0.09666666666666666
0 0.7185937499999999 0.335625 0.04484375 0.08958333333333333
0 0.5389062499999999 0.3314583333333333 0.04484375 0.08916666666666666
0 0.6329687500000001 0.19520833333333334 0.0828125 0.09666666666666666
0 0.7185937499999999 0.335625 0.04484375 0.08958333333333333
0 0.5389062499999999 0.3314583333333333 0.04484375 0.08916666666666666
0 0.6329687500000001 0.19520833333333334 0.0828125 0.09666666666666666
0 0.7185937499999999 0.335625 0.04484375 0.08958333333333333
0 0.5389062499999999 0.3314583333333333 0.04484375 0.08916666666666666
0 0.6329687500000001 0.19520833333333334 0.0828125 0.09666666666666666
0 0.7185937499999999 0.335625 0.04484375 0.08958333333333333
0 0.5389062499999999 0.3314583333333333 0.04484375 0.08916666666666666
0 0.6329687500000001 0.19520833333333334 0.0828125 0.09666666666666666
0 0.7185937499999999 0.335625 0.04484375 0.08958333333333333
