0 0.56375 0.40375 0.045 0.08875000000000001
0 0.56484375 0.28562499999999996 0.05234375 0.07708333333333334
0 0.56296875 0.16541666666666668 0.04359375 0.08791666666666667
0 0.66640625 0.16166666666666665 0.046718749999999996 0.08145833333333334
0 0.67109375 0.28187500000000004 0.06640625 0.060625000000000005
0 0.67390625 0.4010416666666667 0.06609374999999999 0.06083333333333333
0 0.56375 0.40375 0.045 0.08875000000000001
0 0.56484375 0.28562499999999996 0.05234375 0.07708333333333334
0 0.56296875 0.16541666666666668 0.04359375 0.08791666666666667
0 0.66640625 0.16166666666666665 0.046718749999999996 0.08145833333333334
0 0.67109375 0.28187500000000004 0.06640625 0.060625000000000005
0 0.67390625 0.4010416666666667 0.06609374999999999 0.06083333333333333
0 0.56375 0.40375 0.045 0.08875000000000001
0 0.56484375 0.28562499999999996 0.05234375 0.07708333333333334
0 0.56296875 0.16541666666666668 0.04359375 0.08791666666666667
0 0.66640625 0.16166666666666665 0.046718749999999996 0.08145833333333334
0 0.67109375 0.28187500000000004 0.06640625 0.060625000000000005
0 0.67390625 0.4010416666666667 0.06609374999999999 0.06083333333333333
0 0.56375 0.40375 0.045 0.08875000000000001
0 0.56484375 0.28562499999999996 0.05234375 0.07708333333333334
0 0.56296875 0.16541666666666668 0.04359375 0.08791666666666667
0 0.66640625 0.16166666666666665 0.046718749999999996 0.08145833333333334
0 0.67109375 0.28187500000000004 0.06640625 0.060625000000000005
0 0.67390625 0.4010416666666667 0.06609374999999999 0.06083333333333333
0 0.56375 0.40375 0.045 0.08875000000000001
0 0.56484375 0.28562499999999996 0.05234375 0.07708333333333334
0 0.56296875 0.16541666666666668 0.04359375 0.08791666666666667
0 0.66640625 0.16166666666666665 0.046718749999999996 0.08145833333333334
0 0.67109375 0.28187500000000004 0.06640625 0.060625000000000005
0 0.67390625 0.4010416666666667 0.06609374999999999 0.06083333333333333
0 0.56375 0.40375 0.045 0.08875000000000001
0 0.56484375 0.28562499999999996 0.05234375 0.07708333333333334
0 0.56296875 0.16541666666666668 0.04359375 0.08791666666666667
0 0.66640625 0.16166666666666665 0.046718749999999996 0.08145833333333334
0 0.67109375 0.28187500000000004 0.06640625 0.060625000000000005
0 0.67390625 0.4010416666666667 0.06609374999999999 0.06083333333333333
