0 0.655 0.235625 0.0890625 0.106875
0 0.7490625 0.215625 0.08359375 0.124375
0 0.56578125 0.33208333333333334 0.08109374999999999 0.11479166666666667
0 0.57984375 0.47625 0.08453125 0.11291666666666668
0 0.67109375 0.46 0.060312500000000005 0.10354166666666667
0 0.655 0.235625 0.0890625 0.106875
0 0.7490625 0.215625 0.08359375 0.124375
0 0.56578125 0.33208333333333334 0.08109374999999999 0.11479166666666667
0 0.57984375 0.47625 0.08453125 0.11291666666666668
0 0.67109375 0.46 0.060312500000000005 0.10354166666666667
0 0.655 0.235625 0.0890625 0.106875
0 0.7490625 0.215625 0.08359375 0.124375
0 0.56578125 0.33208333333333334 0.08109374999999999 0.11479166666666667
0 0.57984375 0.47625 0.08453125 0.11291666666666668
0 0.67109375 0.46 0.060312500000000005 0.10354166666666667
0 0.655 0.235625 0.0890625 0.106875
0 0.7490625 0.215625 0.08359375 0.124375
0 0.56578125 0.33208333333333334 0.08109374999999999 0.11479166666666667
0 0.57984375 0.47625 0.08453125 0.11291666666666668
0 0.67109375 0.46 0.060312500000000005 0.10354166666666667
0 0.655 0.235625 0.0890625 0.106875
0 0.7490625 0.215625 0.08359375 0.124375
0 0.56578125 0.33208333333333334 0.08109374999999999 0.11479166666666667
0 0.57984375 0.47625 0.08453125 0.11291666666666668
0 0.67109375 0.46 0.060312500000000005 0.10354166666666667
0 0.655 0.235625 0.0890625 0.106875
0 0.7490625 0.215625 0.08359375 0.124375
0 0.56578125 0.33208333333333334 0.08109374999999999 0.11479166666666667
0 0.57984375 0.47625 0.08453125 0.11291666666666668
0 0.67109375 0.46 0.060312500000000005 0.10354166666666667
