0 0.56203125 0.2860416666666667 0.05671875 0.07166666666666667
0 0.5639062499999999 0.40729166666666666 0.053125 0.075625
0 0.67109375 0.40229166666666666 0.045156249999999995 0.08958333333333333
0 0.67109375 0.283125 0.044375 0.09125
0 0.6690625 0.16645833333333335 0.0678125 0.0625
0 0.56296875 0.16291666666666668 0.042499999999999996 0.08520833333333333
0 0.56203125 0.2860416666666667 0.05671875 0.07166666666666667
0 0.5639062499999999 0.40729166666666666 0.053125 0.075625
0 0.67109375 0.40229166666666666 0.045156249999999995 0.08958333333333333
0 0.67109375 0.283125 0.044375 0.09125
0 0.6690625 0.16645833333333335 0.0678125 0.0625
0 0.56296875 0.16291666666666668 0.042499999999999996 0.08520833333333333
0 0.56203125 0.2860416666666667 0.05671875 0.07166666666666667
0 0.5639062499999999 0.40729166666666666 0.053125 0.075625
0 0.67109375 0.40229166666666666 0.045156249999999995 0.08958333333333333
0 0.67109375 0.283125 0.044375 0.09125
0 0.6690625 0.16645833333333335 0.0678125 0.0625
0 0.56296875 0.16291666666666668 0.042499999999999996 0.08520833333333333
0 0.56203125 0.2860416666666667 0.05671875 0.07166666666666667
0 0.5639062499999999 0.40729166666666666 0.053125 0.075625
0 0.67109375 0.40229166666666666 0.045156249999999995 0.08958333333333333
0 0.67109375 0.283125 0.044375 0.09125
0 0.6690625 0.16645833333333335 0.0678125 0.0625
0 0.56296875 0.16291666666666668 0.042499999999999996 0.08520833333333333
0 0.56203125 0.2860416666666667 0.05671875 0.07166666666666667
0 0.5639062499999999 0.40729166666666666 0.053125 0.075625
0 0.67109375 0.40229166666666666 0.045156249999999995 0.08958333333333333
0 0.67109375 0.283125 0.044375 0.09125
0 0.6690625 0.16645833333333335 0.0678125 0.0625
0 0.56296875 0.16291666666666668 0.042499999999999996 0.08520833333333333
0 0.56203125 0.2860416666666667 0.05671875 0.07166666666666667
0 0.5639062499999999 0.40729166666666666 0.053125 0.075625
0 0.67109375 0.40229166666666666 0.045156249999999995 0.08958333333333333
0 0.67109375 0.283125 0.044375 0.09125
0 0.6690625 0.16645833333333335 0.0678125 0.0625
0 0.56296875 0.16291666666666668 0.042499999999999996 0.08520833333333333
