0 0.53234375 0.39291666666666664 0.076875 0.079375
0 0.71203125 0.40854166666666664 0.07921875 0.08291666666666667
0 0.72265625 0.19354166666666667 0.05109375000000001 0.09541666666666666
0 0.5446875 0.18375 0.08078125 0.10854166666666668
0 0.53234375 0.39291666666666664 0.076875 0.079375
0 0.71203125 0.40854166666666664 0.07921875 0.08291666666666667
0 0.72265625 0.19354166666666667 0.05109375000000001 0.09541666666666666
0 0.5446875 0.18375 0.08078125 0.10854166666666668
0 0.53234375 0.39291666666666664 0.076875 0.079375
0 0.71203125 0.40854166666666664 0.07921875 0.08291666666666667
0 0.72265625 0.19354166666666667 0.05109375000000001 0.09541666666666666
0 0.5446875 0.18375 0.08078125 0.10854166666666668
0 0.53234375 0.39291666666666664 0.076875 0.079375
0 0.71203125 0.40854166666666664 0.07921875 0.08291666666666667
0 0.72265625 0.19354166666666667 0.05109375000000001 0.09541666666666666
0 0.5446875 0.18375 0.08078125 0.10854166666666668
0 0.53234375 0.39291666666666664 0.076875 0.079375
0 0.71203125 0.40854166666666664 0.07921875 0.08291666666666667
0 0.72265625 0.19354166666666667 0.05109375000000001 0.09541666666666666
0 0.5446875 0.18375 0.08078125 0.10854166666666668
0 0.53234375 0.39291666666666664 0.076875 0.079375
0 0.71203125 0.40854166666666664 0.07921875 0.08291666666666667
0 0.72265625 0.19354166666666667 0.05109375000000001 0.09541666666666666
0 0.5446875 0.18375 0.08078125 0.10854166666666668
