0 0.62 0.39479166666666665 0.06687499999999999 0.11125
0 0.71171875 0.39770833333333333 0.0853125 0.09604166666666666
0 0.718125 0.24291666666666664 0.08734375 0.11312499999999999
0 0.6203125 0.24416666666666667 0.08578125 0.11083333333333334
0 0.8123437499999999 0.24458333333333335 0.08687500000000001 0.11583333333333333
0 0.80859375 0.399375 0.0653125 0.109375
0 0.62 0.39479166666666665 0.06687499999999999 0.11125
0 0.71171875 0.39770833333333333 0.0853125 0.09604166666666666
0 0.718125 0.24291666666666664 0.08734375 0.11312499999999999
0 0.6203125 0.24416666666666667 0.08578125 0.11083333333333334
0 0.8123437499999999 0.24458333333333335 0.08687500000000001 0.11583333333333333
0 0.80859375 0.399375 0.0653125 0.109375
0 0.62 0.39479166666666665 0.06687499999999999 0.11125
0 0.71171875 0.39770833333333333 0.0853125 0.09604166666666666
0 0.718125 0.24291666666666664 0.08734375 0.11312499999999999
0 0.6203125 0.24416666666666667 0.08578125 0.11083333333333334
0 0.8123437499999999 0.24458333333333335 0.08687500000000001 0.11583333333333333
0 0.80859375 0.399375 0.0653125 0.109375
0 0.62 0.39479166666666665 0.06687499999999999 0.11125
0 0.71171875 0.39770833333333333 0.0853125 0.09604166666666666
0 0.718125 0.24291666666666664 0.08734375 0.11312499999999999
0 0.6203125 0.24416666666666667 0.08578125 0.11083333333333334
0 0.8123437499999999 0.24458333333333335 0.08687500000000001 0.11583333333333333
0 0.80859375 0.399375 0.0653125 0.109375
0 0.62 0.39479166666666665 0.06687499999999999 0.11125
0 0.71171875 0.39770833333333333 0.0853125 0.09604166666666666
0 0.718125 0.24291666666666664 0.08734375 0.11312499999999999
0 0.6203125 0.24416666666666667 0.08578125 0.11083333333333334
0 0.8123437499999999 0.24458333333333335 0.08687500000000001 0.11583333333333333
0 0.80859375 0.399375 0.0653125 0.109375
0 0.62 0.39479166666666665 0.06687499999999999 0.11125
0 0.71171875 0.39770833333333333 0.0853125 0.09604166666666666
0 0.718125 0.24291666666666664 0.08734375 0.11312499999999999
0 0.6203125 0.24416666666666667 0.08578125 0.11083333333333334
0 0.8123437499999999 0.24458333333333335 0.08687500000000001 0.11583333333333333
0 0.80859375 0.399375 0.0653125 0.109375
