0 0.5818749999999999 0.3302083333333333 0.0828125 0.09333333333333332
0 0.6329687500000001 0.19375 0.07953125 0.11229166666666666
0 0.7678125 0.20104166666666667 0.073125 0.06770833333333333
0 0.76171875 0.3422916666666667 0.081875 0.11104166666666666
0 0.5818749999999999 0.3302083333333333 0.0828125 0.09333333333333332
0 0.6329687500000001 0.19375 0.07953125 0.11229166666666666
0 0.7678125 0.20104166666666667 0.073125 0.06770833333333333
0 0.76171875 0.3422916666666667 0.081875 0.11104166666666666
0 0.5818749999999999 0.3302083333333333 0.0828125 0.09333333333333332
0 0.6329687500000001 0.19375 0.07953125 0.11229166666666666
0 0.7678125 0.20104166666666667 0.073125 0.06770833333333333
0 0.76171875 0.3422916666666667 0.081875 0.11104166666666666
0 0.5818749999999999 0.3302083333333333 0.0828125 0.09333333333333332
0 0.6329687500000001 0.19375 0.07953125 0.11229166666666666
0 0.7678125 0.20104166666666667 0.073125 0.06770833333333333
0 0.76171875 0.3422916666666667 0.081875 0.11104166666666666
0 0.5818749999999999 0.3302083333333333 0.0828125 0.09333333333333332
0 0.6329687500000001 0.19375 0.07953125 0.11229166666666666
0 0.7678125 0.20104166666666667 0.073125 0.06770833333333333
0 0.76171875 0.3422916666666667 0.081875 0.11104166666666666
0 0.5818749999999999 0.3302083333333333 0.0828125 0.09333333333333332
0 0.6329687500000001 0.19375 0.07953125 0.11229166666666666
0 0.7678125 0.20104166666666667 0.073125 0.06770833333333333
0 0.76171875 0.3422916666666667 0.081875 0.11104166666666666
