0 0.56296875 0.165625 0.04453125 0.0825
0 0.5639062499999999 0.28562499999999996 0.059843749999999994 0.064375
0 0.5662499999999999 0.404375 0.05 0.08375
0 0.67140625 0.40395833333333336 0.06609374999999999 0.06104166666666667
0 0.67296875 0.283125 0.053125 0.08208333333333333
0 0.67234375 0.16395833333333334 0.044687500000000005 0.0925
0 0.56296875 0.165625 0.04453125 0.0825
0 0.5639062499999999 0.28562499999999996 0.059843749999999994 0.064375
0 0.5662499999999999 0.404375 0.05 0.08375
0 0.67140625 0.40395833333333336 0.06609374999999999 0.06104166666666667
0 0.67296875 0.283125 0.053125 0.08208333333333333
0 0.67234375 0.16395833333333334 0.044687500000000005 0.0925
0 0.56296875 0.165625 0.04453125 0.0825
0 0.5639062499999999 0.28562499999999996 0.059843749999999994 0.064375
0 0.5662499999999999 0.404375 0.05 0.08375
0 0.67140625 0.40395833333333336 0.06609374999999999 0.06104166666666667
0 0.67296875 0.283125 0.053125 0.08208333333333333
0 0.67234375 0.16395833333333334 0.044687500000000005 0.0925
0 0.56296875 0.165625 0.04453125 0.0825
0 0.5639062499999999 0.28562499999999996 0.059843749999999994 0.064375
0 0.5662499999999999 0.404375 0.05 0.08375
0 0.67140625 0.40395833333333336 0.06609374999999999 0.06104166666666667
0 0.67296875 0.283125 0.053125 0.08208333333333333
0 0.67234375 0.16395833333333334 0.044687500000000005 0.0925
0 0.56296875 0.165625 0.04453125 0.0825
0 0.5639062499999999 0.28562499999999996 0.059843749999999994 0.064375
0 0.5662499999999999 0.404375 0.05 0.08375
0 0.67140625 0.40395833333333336 0.06609374999999999 0.06104166666666667
0 0.67296875 0.283125 0.053125 0.08208333333333333
0 0.67234375 0.16395833333333334 0.044687500000000005 0.0925
0 0.56296875 0.165625 0.04453125 0.0825
0 0.5639062499999999 0.28562499999999996 0.059843749999999994 0.064375
0 0.5662499999999999 0.404375 0.05 0.08375
0 0.67140625 0.40395833333333336 0.06609374999999999 0.06104166666666667
0 0.67296875 0.283125 0.053125 0.08208333333333333
0 0.67234375 0.16395833333333334 0.044687500000000005 0.0925
