0 0.591875 0.16354166666666667 0.08687500000000001 0.11770833333333333
0 0.5896874999999999 0.3902083333333334 0.08562499999999999 0.1
0 0.73390625 0.31479166666666664 0.06390625 0.109375
0 0.6876562500000001 0.16020833333333334 0.0896875 0.11437499999999999
0 0.591875 0.16354166666666667 0.08687500000000001 0.11770833333333333
0 0.5896874999999999 0.3902083333333334 0.08562499999999999 0.1
0 0.73390625 0.31479166666666664 0.06390625 0.109375
0 0.6876562500000001 0.16020833333333334 0.0896875 0.11437499999999999
0 0.591875 0.16354166666666667 0.08687500000000001 0.11770833333333333
0 0.5896874999999999 0.3902083333333334 0.08562499999999999 0.1
0 0.73390625 0.31479166666666664 0.06390625 0.109375
0 0.6876562500000001 0.16020833333333334 0.0896875 0.11437499999999999
0 0.591875 0.16354166666666667 0.08687500000000001 0.11770833333333333
0 0.5896874999999999 0.3902083333333334 0.08562499999999999 0.1
0 0.73390625 0.31479166666666664 0.06390625 0.109375
0 0.6876562500000001 0.16020833333333334 0.0896875 0.11437499999999999
0 0.591875 0.16354166666666667 0.08687500000000001 0.11770833333333333
0 0.5896874999999999 0.3902083333333334 0.08562499999999999 0.1
0 0.73390625 0.31479166666666664 0.06390625 0.109375
0 0.6876562500000001 0.16020833333333334 0.0896875 0.11437499999999999
0 0.591875 0.16354166666666667 0.08687500000000001 0.11770833333333333
0 0.5896874999999999 0.3902083333333334 0.08562499999999999 0.1
0 0.73390625 0.31479166666666664 0.06390625 0.109375
0 0.6876562500000001 0.16020833333333334 0.0896875 0.11437499999999999
