0 0.5384375 0.116875 0.0796875 0.116875
0 0.5354687499999999 0.3485416666666667 0.0484375 0.09708333333333334
0 0.630625 0.35083333333333333 0.08890624999999999 0.1125
0 0.72828125 0.35083333333333333 0.056874999999999995 0.10625
0 0.7321875 0.11770833333333333 0.090625 0.11458333333333333
0 0.63359375 0.11958333333333333 0.0765625 0.07312500000000001
0 0.5384375 0.116875 0.0796875 0.116875
0 0.5354687499999999 0.3485416666666667 0.0484375 0.09708333333333334
0 0.630625 0.35083333333333333 0.08890624999999999 0.1125
0 0.72828125 0.35083333333333333 0.056874999999999995 0.10625
0 0.7321875 0.11770833333333333 0.090625 0.11458333333333333
0 0.63359375 0.11958333333333333 0.0765625 0.07312500000000001
0 0.5384375 0.116875 0.0796875 0.116875
0 0.5354687499999999 0.3485416666666667 0.0484375 0.09708333333333334
0 0.630625 0.35083333333333333 0.08890624999999999 0.1125
0 0.72828125 0.35083333333333333 0.056874999999999995 0.10625
0 0.7321875 0.11770833333333333 0.090625 0.11458333333333333
0 0.63359375 0.11958333333333333 0.0765625 0.07312500000000001
0 0.5384375 0.116875 0.0796875 0.116875
0 0.5354687499999999 0.3485416666666667 0.0484375 0.09708333333333334
0 0.630625 0.35083333333333333 0.08890624999999999 0.1125
0 0.72828125 0.35083333333333333 0.056874999999999995 0.10625
0 0.7321875 0.11770833333333333 0.090625 0.11458333333333333
0 0.63359375 0.11958333333333333 0.0765625 0.07312500000000001
0 0.5384375 0.116875 0.0796875 0.116875
0 0.5354687499999999 0.3485416666666667 0.0484375 0.09708333333333334
0 0.630625 0.35083333333333333 0.08890624999999999 0.1125
0 0.72828125 0.35083333333333333 0.056874999999999995 0.10625
0 0.7321875 0.11770833333333333 0.090625 0.11458333333333333
0 0.63359375 0.11958333333333333 0.0765625 0.07312500000000001
0 0.5384375 0.116875 0.0796875 0.116875
0 0.5354687499999999 0.3485416666666667 0.0484375 0.09708333333333334
0 0.630625 0.35083333333333333 0.08890624999999999 0.1125
0 0.72828125 0.35083333333333333 0.056874999999999995 0.10625
0 0.7321875 0.11770833333333333 0.090625 0.11458333333333333
0 0.63359375 0.11958333333333333 0.0765625 0.07312500000000001
