0 0.5443749999999999 0.17041666666666666 0.079375 0.108125
0 0.5396875 0.38166666666666665 0.071875 0.07125000000000001
0 0.72 0.3902083333333334 0.05390625 0.09604166666666666
0 0.7246875 0.17729166666666665 0.08390625 0.10479166666666666
0 0.5443749999999999 0.17041666666666666 0.079375 0.108125
0 0.5396875 0.38166666666666665 0.071875 0.07125000000000001
0 0.72 0.3902083333333334 0.05390625 0.09604166666666666
0 0.7246875 0.17729166666666665 0.08390625 0.10479166666666666
0 0.5443749999999999 0.17041666666666666 0.079375 0.108125
0 0.5396875 0.38166666666666665 0.071875 0.07125000000000001
0 0.72 0.3902083333333334 0.05390625 0.09604166666666666
0 0.7246875 0.17729166666666665 0.08390625 0.10479166666666666
0 0.5443749999999999 0.17041666666666666 0.079375 0.108125
0 0.5396875 0.38166666666666665 0.071875 0.07125000000000001
0 0.72 0.3902083333333334 0.05390625 0.09604166666666666
0 0.7246875 0.17729166666666665 0.08390625 0.10479166666666666
0 0.5443749999999999 0.17041666666666666 0.079375 0.108125
0 0.5396875 0.38166666666666665 0.071875 0.07125000000000001
0 0.72 0.3902083333333334 0.05390625 0.09604166666666666
0 0.7246875 0.17729166666666665 0.08390625 0.10479166666666666
0 0.5443749999999999 0.17041666666666666 0.079375 0.108125
0 0.5396875 0.38166666666666665 0.071875 0.07125000000000001
0 0.72 0.3902083333333334 0.05390625 0.09604166666666666
0 0.7246875 0.17729166666666665 0.08390625 0.10479166666666666
