0 0.54890625 0.3960416666666667 0.0665625 0.05854166666666667
0 0.6565624999999999 0.3904166666666667 0.0453125 0.088125
0 0.6520312500000001 0.27291666666666664 0.06625 0.06083333333333333
0 0.64796875 0.15583333333333332 0.0671875 0.06291666666666666
0 0.54515625 0.2783333333333333 0.04625 0.08541666666666667
0 0.54390625 0.15833333333333333 0.06734375000000001 0.06020833333333333
0 0.54890625 0.3960416666666667 0.0665625 0.05854166666666667
0 0.6565624999999999 0.3904166666666667 0.0453125 0.088125
0 0.6520312500000001 0.27291666666666664 0.06625 0.06083333333333333
0 0.64796875 0.15583333333333332 0.0671875 0.06291666666666666
0 0.54515625 0.2783333333333333 0.04625 0.08541666666666667
0 0.54390625 0.15833333333333333 0.06734375000000001 0.06020833333333333
0 0.54890625 0.3960416666666667 0.0665625 0.05854166666666667
0 0.6565624999999999 0.3904166666666667 0.0453125 0.088125
0 0.6520312500000001 0.27291666666666664 0.06625 0.06083333333333333
0 0.64796875 0.15583333333333332 0.0671875 0.06291666666666666
0 0.54515625 0.2783333333333333 0.04625 0.08541666666666667
0 0.54390625 0.15833333333333333 0.06734375000000001 0.06020833333333333
0 0.54890625 0.3960416666666667 0.0665625 0.05854166666666667
0 0.6565624999999999 0.3904166666666667 0.0453125 0.088125
0 0.6520312500000001 0.27291666666666664 0.06625 0.06083333333333333
0 0.64796875 0.15583333333333332 0.0671875 0.06291666666666666
0 0.54515625 0.2783333333333333 0.04625 0.08541666666666667
0 0.54390625 0.15833333333333333 0.06734375000000001 0.06020833333333333
0 0.54890625 0.3960416666666667 0.0665625 0.05854166666666667
0 0.6565624999999999 0.3904166666666667 0.0453125 0.088125
0 0.6520312500000001 0.27291666666666664 0.06625 0.06083333333333333
0 0.64796875 0.15583333333333332 0.0671875 0.06291666666666666
0 0.54515625 0.2783333333333333 0.04625 0.08541666666666667
0 0.54390625 0.15833333333333333 0.06734375000000001 0.06020833333333333
0 0.54890625 0.3960416666666667 0.0665625 0.05854166666666667
0 0.6565624999999999 0.3904166666666667 0.0453125 0.088125
0 0.6520312500000001 0.27291666666666664 0.06625 0.06083333333333333
0 0.64796875 0.15583333333333332 0.0671875 0.06291666666666666
0 0.54515625 0.2783333333333333 0.04625 0.08541666666666667
0 0.54390625 0.15833333333333333 0.06734375000000001 0.06020833333333333
