0 0.5446875 0.170625 0.080625 0.10666666666666667
0 0.631875 0.24479166666666666 0.08171874999999999 0.10583333333333332
0 0.54 0.38208333333333333 0.06999999999999999 0.06479166666666666
0 0.7209375 0.388125 0.05390625 0.096875
0 0.5446875 0.170625 0.080625 0.10666666666666667
0 0.631875 0.24479166666666666 0.08171874999999999 0.10583333333333332
0 0.54 0.38208333333333333 0.06999999999999999 0.06479166666666666
0 0.7209375 0.388125 0.05390625 0.096875
0 0.5446875 0.170625 0.080625 0.10666666666666667
0 0.631875 0.24479166666666666 0.08171874999999999 0.10583333333333332
0 0.54 0.38208333333333333 0.06999999999999999 0.06479166666666666
0 0.7209375 0.388125 0.05390625 0.096875
0 0.5446875 0.170625 0.080625 0.10666666666666667
0 0.631875 0.24479166666666666 0.08171874999999999 0.10583333333333332
0 0.54 0.38208333333333333 0.06999999999999999 0.06479166666666666
0 0.7209375 0.388125 0.05390625 0.096875
0 0.5446875 0.170625 0.080625 0.10666666666666667
0 0.631875 0.24479166666666666 0.08171874999999999 0.10583333333333332
0 0.54 0.38208333333333333 0.06999999999999999 0.06479166666666666
0 0.7209375 0.388125 0.05390625 0.096875
0 0.5446875 0.170625 0.080625 0.10666666666666667
0 0.631875 0.24479166666666666 0.08171874999999999 0.10583333333333332
0 0.54 0.38208333333333333 0.06999999999999999 0.06479166666666666
0 0.7209375 0.388125 0.05390625 0.096875
