0 0.57890625 0.475625 0.08453125 0.11291666666666668
0 0.6717187499999999 0.46166666666666667 0.060312500000000005 0.10354166666666667
0 0.5667187499999999 0.330625 0.08109374999999999 0.11479166666666667
0 0.6553125 0.235 0.0890625 0.106875
0 0.75 0.21770833333333334 0.08359375 0.124375
0 0.57890625 0.475625 0.08453125 0.11291666666666668
0 0.6717187499999999 0.46166666666666667 0.060312500000000005 0.10354166666666667
0 0.5667187499999999 0.330625 0.08109374999999999 0.11479166666666667
0 0.6553125 0.235 0.0890625 0.106875
0 0.75 0.21770833333333334 0.08359375 0.124375
0 0.57890625 0.475625 0.08453125 0.11291666666666668
0 0.6717187499999999 0.46166666666666667 0.060312500000000005 0.10354166666666667
0 0.5667187499999999 0.330625 0.08109374999999999 0.11479166666666667
0 0.6553125 0.235 0.0890625 0.106875
0 0.75 0.21770833333333334 0.08359375 0.124375
0 0.57890625 0.475625 0.08453125 0.11291666666666668
0 0.6717187499999999 0.46166666666666667 0.060312500000000005 0.10354166666666667
0 0.5667187499999999 0.330625 0.08109374999999999 0.11479166666666667
0 0.6553125 0.235 0.0890625 0.106875
0 0.75 0.21770833333333334 0.08359375 0.124375
0 0.57890625 0.475625 0.08453125 0.11291666666666668
0 0.6717187499999999 0.46166666666666667 0.060312500000000005 0.10354166666666667
0 0.5667187499999999 0.330625 0.08109374999999999 0.11479166666666667
0 0.6553125 0.235 0.0890625 0.106875
0 0.75 0.21770833333333334 0.08359375 0.124375
0 0.57890625 0.475625 0.08453125 0.11291666666666668
0 0.6717187499999999 0.46166666666666667 0.060312500000000005 0.10354166666666667
0 0.5667187499999999 0.330625 0.08109374999999999 0.11479166666666667
0 0.6553125 0.235 0.0890625 0.106875
0 0.75 0.21770833333333334 0.08359375 0.124375
