0 0.53984375 0.19583333333333333 0.07171875 0.06604166666666667
0 0.5349999999999999 0.3485416666666667 0.050624999999999996 0.09895833333333333
0 0.62953125 0.3485416666666667 0.08625000000000001 0.103125
0 0.63390625 0.19791666666666666 0.08484375 0.11604166666666667
0 0.73234375 0.19875 0.05390625 0.10604166666666666
0 0.7265625 0.35208333333333336 0.058437499999999996 0.10375
0 0.53984375 0.19583333333333333 0.07171875 0.06604166666666667
0 0.5349999999999999 0.3485416666666667 0.050624999999999996 0.09895833333333333
0 0.62953125 0.3485416666666667 0.08625000000000001 0.103125
0 0.63390625 0.19791666666666666 0.08484375 0.11604166666666667
0 0.73234375 0.19875 0.05390625 0.10604166666666666
0 0.7265625 0.35208333333333336 0.058437499999999996 0.10375
0 0.53984375 0.19583333333333333 0.07171875 0.06604166666666667
0 0.5349999999999999 0.3485416666666667 0.050624999999999996 0.09895833333333333
0 0.62953125 0.3485416666666667 0.08625000000000001 0.103125
0 0.63390625 0.19791666666666666 0.08484375 0.11604166666666667
0 0.73234375 0.19875 0.05390625 0.10604166666666666
0 0.7265625 0.35208333333333336 0.058437499999999996 0.10375
0 0.53984375 0.19583333333333333 0.07171875 0.06604166666666667
0 0.5349999999999999 0.3485416666666667 0.050624999999999996 0.09895833333333333
0 0.62953125 0.3485416666666667 0.08625000000000001 0.103125
0 0.63390625 0.19791666666666666 0.08484375 0.11604166666666667
0 0.73234375 0.19875 0.05390625 0.10604166666666666
0 0.7265625 0.35208333333333336 0.058437499999999996 0.10375
0 0.53984375 0.19583333333333333 0.07171875 0.06604166666666667
0 0.5349999999999999 0.3485416666666667 0.050624999999999996 0.09895833333333333
0 0.62953125 0.3485416666666667 0.08625000000000001 0.103125
0 0.63390625 0.19791666666666666 0.08484375 0.11604166666666667
0 0.73234375 0.19875 0.05390625 0.10604166666666666
0 0.7265625 0.35208333333333336 0.058437499999999996 0.10375
0 0.53984375 0.19583333333333333 0.07171875 0.06604166666666667
0 0.5349999999999999 0.3485416666666667 0.050624999999999996 0.09895833333333333
0 0.62953125 0.3485416666666667 0.08625000000000001 0.103125
0 0.63390625 0.19791666666666666 0.08484375 0.11604166666666667
0 0.73234375 0.19875 0.05390625 0.10604166666666666
0 0.7265625 0.35208333333333336 0.058437499999999996 0.10375
