0 0.53671875 0.18666666666666665 0.06015625 0.07895833333333332
0 0.53953125 0.3020833333333333 0.06296874999999999 0.07520833333333334
0 0.54140625 0.4185416666666667 0.04609375 0.09145833333333334
0 0.645625 0.4185416666666667 0.04609375 0.08770833333333333
0 0.64375 0.2983333333333333 0.06390625 0.07020833333333334
0 0.6428125 0.17666666666666667 0.04328125 0.09645833333333333
0 0.53671875 0.18666666666666665 0.06015625 0.07895833333333332
0 0.53953125 0.3020833333333333 0.06296874999999999 0.07520833333333334
0 0.54140625 0.4185416666666667 0.04609375 0.09145833333333334
0 0.645625 0.4185416666666667 0.04609375 0.08770833333333333
0 0.64375 0.2983333333333333 0.06390625 0.07020833333333334
0 0.6428125 0.17666666666666667 0.04328125 0.09645833333333333
0 0.53671875 0.18666666666666665 0.06015625 0.07895833333333332
0 0.53953125 0.3020833333333333 0.06296874999999999 0.07520833333333334
0 0.54140625 0.4185416666666667 0.04609375 0.09145833333333334
0 0.645625 0.4185416666666667 0.04609375 0.08770833333333333
0 0.64375 0.2983333333333333 0.06390625 0.07020833333333334
0 0.6428125 0.17666666666666667 0.04328125 0.09645833333333333
0 0.53671875 0.18666666666666665 0.06015625 0.07895833333333332
0 0.53953125 0.3020833333333333 0.06296874999999999 0.07520833333333334
0 0.54140625 0.4185416666666667 0.04609375 0.09145833333333334
0 0.645625 0.4185416666666667 0.04609375 0.08770833333333333
0 0.64375 0.2983333333333333 0.06390625 0.07020833333333334
0 0.6428125 0.17666666666666667 0.04328125 0.09645833333333333
0 0.53671875 0.18666666666666665 0.06015625 0.07895833333333332
0 0.53953125 0.3020833333333333 0.06296874999999999 0.07520833333333334
0 0.54140625 0.4185416666666667 0.04609375 0.09145833333333334
0 0.645625 0.4185416666666667 0.04609375 0.08770833333333333
0 0.64375 0.2983333333333333 0.06390625 0.07020833333333334
0 0.6428125 0.17666666666666667 0.04328125 0.09645833333333333
0 0.53671875 0.18666666666666665 0.06015625 0.07895833333333332
0 0.53953125 0.3020833333333333 0.06296874999999999 0.07520833333333334
0 0.54140625 0.4185416666666667 0.04609375 0.09145833333333334
0 0.645625 0.4185416666666667 0.04609375 0.08770833333333333
0 0.64375 0.2983333333333333 0.06390625 0.07020833333333334
0 0.6428125 0.17666666666666667 0.04328125 0.09645833333333333
