0 0.5470312500000001 0.3910416666666666 0.045156249999999995 0.08916666666666666
0 0.54890625 0.270625 0.0503125 0.07854166666666668
0 0.55171875 0.15041666666666667 0.049375 0.07708333333333334
0 0.65703125 0.15666666666666668 0.06609374999999999 0.058958333333333335
0 0.65671875 0.3904166666666667 0.06671875000000001 0.059583333333333335
0 0.6559375000000001 0.273125 0.06625 0.06229166666666666
0 0.5470312500000001 0.3910416666666666 0.045156249999999995 0.08916666666666666
0 0.54890625 0.270625 0.0503125 0.07854166666666668
0 0.55171875 0.15041666666666667 0.049375 0.07708333333333334
0 0.65703125 0.15666666666666668 0.06609374999999999 0.058958333333333335
0 0.65671875 0.3904166666666667 0.06671875000000001 0.059583333333333335
0 0.6559375000000001 0.273125 0.06625 0.06229166666666666
0 0.5470312500000001 0.3910416666666666 0.045156249999999995 0.08916666666666666
0 0.54890625 0.270625 0.0503125 0.07854166666666668
0 0.55171875 0.15041666666666667 0.049375 0.07708333333333334
0 0.65703125 0.15666666666666668 0.06609374999999999 0.058958333333333335
0 0.65671875 0.3904166666666667 0.06671875000000001 0.059583333333333335
0 0.6559375000000001 0.273125 0.06625 0.06229166666666666
0 0.5470312500000001 0.3910416666666666 0.045156249999999995 0.08916666666666666
0 0.54890625 0.270625 0.0503125 0.07854166666666668
0 0.55171875 0.15041666666666667 0.049375 0.07708333333333334
0 0.65703125 0.15666666666666668 0.06609374999999999 0.058958333333333335
0 0.65671875 0.3904166666666667 0.06671875000000001 0.059583333333333335
0 0.6559375000000001 0.273125 0.06625 0.06229166666666666
0 0.5470312500000001 0.3910416666666666 0.045156249999999995 0.08916666666666666
0 0.54890625 0.270625 0.0503125 0.07854166666666668
0 0.55171875 0.15041666666666667 0.049375 0.07708333333333334
0 0.65703125 0.15666666666666668 0.06609374999999999 0.058958333333333335
0 0.65671875 0.3904166666666667 0.06671875000000001 0.059583333333333335
0 0.6559375000000001 0.273125 0.06625 0.06229166666666666
0 0.5470312500000001 0.3910416666666666 0.045156249999999995 0.08916666666666666
0 0.54890625 0.270625 0.0503125 0.07854166666666668
0 0.55171875 0.15041666666666667 0.049375 0.07708333333333334
0 0.65703125 0.15666666666666668 0.06609374999999999 0.058958333333333335
0 0.65671875 0.3904166666666667 0.06671875000000001 0.059583333333333335
0 0.6559375000000001 0.273125 0.06625 0.06229166666666666
