0 0.54625 0.39125000000000004 0.04265625 0.08958333333333333
0 0.54984375 0.271875 0.044687500000000005 0.08979166666666667
0 0.54796875 0.15166666666666667 0.04546875 0.08666666666666667
0 0.65703125 0.15541666666666665 0.04765625 0.08583333333333334
0 0.65796875 0.274375 0.06703125 0.06208333333333334
0 0.65515625 0.3935416666666667 0.06734375000000001 0.059166666666666666
0 0.54625 0.39125000000000004 0.04265625 0.08958333333333333
0 0.54984375 0.271875 0.044687500000000005 0.08979166666666667
0 0.54796875 0.15166666666666667 0.04546875 0.08666666666666667
0 0.65703125 0.15541666666666665 0.04765625 0.08583333333333334
0 0.65796875 0.274375 0.06703125 0.06208333333333334
0 0.65515625 0.3935416666666667 0.06734375000000001 0.059166666666666666
0 0.54625 0.39125000000000004 0.04265625 0.08958333333333333
0 0.54984375 0.271875 0.044687500000000005 0.08979166666666667
0 0.54796875 0.15166666666666667 0.04546875 0.08666666666666667
0 0.65703125 0.15541666666666665 0.04765625 0.08583333333333334
0 0.65796875 0.274375 0.06703125 0.06208333333333334
0 0.65515625 0.3935416666666667 0.06734375000000001 0.059166666666666666
0 0.54625 0.39125000000000004 0.04265625 0.08958333333333333
0 0.54984375 0.271875 0.044687500000000005 0.08979166666666667
0 0.54796875 0.15166666666666667 0.04546875 0.08666666666666667
0 0.65703125 0.15541666666666665 0.04765625 0.08583333333333334
0 0.65796875 0.274375 0.06703125 0.06208333333333334
0 0.65515625 0.3935416666666667 0.06734375000000001 0.059166666666666666
0 0.54625 0.39125000000000004 0.04265625 0.08958333333333333
0 0.54984375 0.271875 0.044687500000000005 0.08979166666666667
0 0.54796875 0.15166666666666667 0.04546875 0.08666666666666667
0 0.65703125 0.15541666666666665 0.04765625 0.08583333333333334
0 0.65796875 0.274375 0.06703125 0.06208333333333334
0 0.65515625 0.3935416666666667 0.06734375000000001 0.059166666666666666
0 0.54625 0.39125000000000004 0.04265625 0.08958333333333333
0 0.54984375 0.271875 0.044687500000000005 0.08979166666666667
0 0.54796875 0.15166666666666667 0.04546875 0.08666666666666667
0 0.65703125 0.15541666666666665 0.04765625 0.08583333333333334
0 0.65796875 0.274375 0.06703125 0.06208333333333334
0 0.65515625 0.3935416666666667 0.06734375000000001 0.059166666666666666
