0 0.5667187499999999 0.40354166666666663 0.045156249999999995 0.0875
0 0.6720312500000001 0.4010416666666667 0.04609375 0.08875000000000001
0 0.67109375 0.284375 0.0478125 0.08583333333333334
0 0.5646875 0.28375 0.0590625 0.070625
0 0.56453125 0.16395833333333334 0.04453125 0.08875000000000001
0 0.6720312500000001 0.16166666666666665 0.0671875 0.06083333333333333
0 0.5667187499999999 0.40354166666666663 0.045156249999999995 0.0875
0 0.6720312500000001 0.4010416666666667 0.04609375 0.08875000000000001
0 0.67109375 0.284375 0.0478125 0.08583333333333334
0 0.5646875 0.28375 0.0590625 0.070625
0 0.56453125 0.16395833333333334 0.04453125 0.08875000000000001
0 0.6720312500000001 0.16166666666666665 0.0671875 0.06083333333333333
0 0.5667187499999999 0.40354166666666663 0.045156249999999995 0.0875
0 0.6720312500000001 0.4010416666666667 0.04609375 0.08875000000000001
0 0.67109375 0.284375 0.0478125 0.08583333333333334
0 0.5646875 0.28375 0.0590625 0.070625
0 0.56453125 0.16395833333333334 0.04453125 0.08875000000000001
0 0.6720312500000001 0.16166666666666665 0.0671875 0.06083333333333333
0 0.5667187499999999 0.40354166666666663 0.045156249999999995 0.0875
0 0.6720312500000001 0.4010416666666667 0.04609375 0.08875000000000001
0 0.67109375 0.284375 0.0478125 0.08583333333333334
0 0.5646875 0.28375 0.0590625 0.070625
0 0.56453125 0.16395833333333334 0.04453125 0.08875000000000001
0 0.6720312500000001 0.16166666666666665 0.0671875 0.06083333333333333
0 0.5667187499999999 0.40354166666666663 0.045156249999999995 0.0875
0 0.6720312500000001 0.4010416666666667 0.04609375 0.08875000000000001
0 0.67109375 0.284375 0.0478125 0.08583333333333334
0 0.5646875 0.28375 0.0590625 0.070625
0 0.56453125 0.16395833333333334 0.04453125 0.08875000000000001
0 0.6720312500000001 0.16166666666666665 0.0671875 0.06083333333333333
0 0.5667187499999999 0.40354166666666663 0.045156249999999995 0.0875
0 0.6720312500000001 0.4010416666666667 0.04609375 0.08875000000000001
0 0.67109375 0.284375 0.0478125 0.08583333333333334
0 0.5646875 0.28375 0.0590625 0.070625
0 0.56453125 0.16395833333333334 0.04453125 0.08875000000000001
0 0.6720312500000001 0.16166666666666665 0.0671875 0.06083333333333333
