0 0.6328125 0.18708333333333332 0.05234375 0.095625
0 0.72390625 0.19083333333333333 0.05234375 0.095625
0 0.7185937499999999 0.33666666666666667 0.06796875 0.06354166666666666
0 0.5365624999999999 0.32416666666666666 0.0796875 0.09083333333333334
0 0.6328125 0.18708333333333332 0.05234375 0.095625
0 0.72390625 0.19083333333333333 0.05234375 0.095625
0 0.7185937499999999 0.33666666666666667 0.06796875 0.06354166666666666
0 0.5365624999999999 0.32416666666666666 0.0796875 0.09083333333333334
0 0.6328125 0.18708333333333332 0.05234375 0.095625
0 0.72390625 0.19083333333333333 0.05234375 0.095625
0 0.7185937499999999 0.33666666666666667 0.06796875 0.06354166666666666
0 0.5365624999999999 0.32416666666666666 0.0796875 0.09083333333333334
0 0.6328125 0.18708333333333332 0.05234375 0.095625
0 0.72390625 0.19083333333333333 0.05234375 0.095625
0 0.7185937499999999 0.33666666666666667 0.06796875 0.06354166666666666
0 0.5365624999999999 0.32416666666666666 0.0796875 0.09083333333333334
0 0.6328125 0.18708333333333332 0.05234375 0.095625
0 0.72390625 0.19083333333333333 0.05234375 0.095625
0 0.7185937499999999 0.33666666666666667 0.06796875 0.06354166666666666
0 0.5365624999999999 0.32416666666666666 0.0796875 0.09083333333333334
0 0.6328125 0.18708333333333332 0.05234375 0.095625
0 0.72390625 0.19083333333333333 0.05234375 0.095625
0 0.7185937499999999 0.33666666666666667 0.06796875 0.06354166666666666
0 0.5365624999999999 0.32416666666666666 0.0796875 0.09083333333333334
