0 0.56328125 0.16479166666666664 0.04421875 0.08687500000000001
0 0.56296875 0.284375 0.064375 0.059166666666666666
0 0.5667187499999999 0.4060416666666667 0.06375 0.06208333333333334
0 0.6720312500000001 0.4010416666666667 0.0478125 0.084375
0 0.6703125 0.2825 0.06734375000000001 0.06291666666666666
0 0.67296875 0.16291666666666668 0.04453125 0.08979166666666667
0 0.56328125 0.16479166666666664 0.04421875 0.08687500000000001
0 0.56296875 0.284375 0.064375 0.059166666666666666
0 0.5667187499999999 0.4060416666666667 0.06375 0.06208333333333334
0 0.6720312500000001 0.4010416666666667 0.0478125 0.084375
0 0.6703125 0.2825 0.06734375000000001 0.06291666666666666
0 0.67296875 0.16291666666666668 0.04453125 0.08979166666666667
0 0.56328125 0.16479166666666664 0.04421875 0.08687500000000001
0 0.56296875 0.284375 0.064375 0.059166666666666666
0 0.5667187499999999 0.4060416666666667 0.06375 0.06208333333333334
0 0.6720312500000001 0.4010416666666667 0.0478125 0.084375
0 0.6703125 0.2825 0.06734375000000001 0.06291666666666666
0 0.67296875 0.16291666666666668 0.04453125 0.08979166666666667
0 0.56328125 0.16479166666666664 0.04421875 0.08687500000000001
0 0.56296875 0.284375 0.064375 0.059166666666666666
0 0.5667187499999999 0.4060416666666667 0.06375 0.06208333333333334
0 0.6720312500000001 0.4010416666666667 0.0478125 0.084375
0 0.6703125 0.2825 0.06734375000000001 0.06291666666666666
0 0.67296875 0.16291666666666668 0.04453125 0.08979166666666667
0 0.56328125 0.16479166666666664 0.04421875 0.08687500000000001
0 0.56296875 0.284375 0.064375 0.059166666666666666
0 0.5667187499999999 0.4060416666666667 0.06375 0.06208333333333334
0 0.6720312500000001 0.4010416666666667 0.0478125 0.084375
0 0.6703125 0.2825 0.06734375000000001 0.06291666666666666
0 0.67296875 0.16291666666666668 0.04453125 0.08979166666666667
0 0.56328125 0.16479166666666664 0.04421875 0.08687500000000001
0 0.56296875 0.284375 0.064375 0.059166666666666666
0 0.5667187499999999 0.4060416666666667 0.06375 0.06208333333333334
0 0.6720312500000001 0.4010416666666667 0.0478125 0.084375
0 0.6703125 0.2825 0.06734375000000001 0.06291666666666666
0 0.67296875 0.16291666666666668 0.04453125 0.08979166666666667
