0 0.54890625 0.3910416666666666 0.05171875 0.08
0 0.5496875 0.27375 0.04609375 0.08791666666666667
0 0.54953125 0.151875 0.04578125 0.08770833333333333
0 0.654375 0.15270833333333333 0.046406249999999996 0.08187499999999999
0 0.65421875 0.2725 0.0459375 0.08541666666666667
0 0.65453125 0.3925 0.060781249999999995 0.07166666666666667
0 0.54890625 0.3910416666666666 0.05171875 0.08
0 0.5496875 0.27375 0.04609375 0.08791666666666667
0 0.54953125 0.151875 0.04578125 0.08770833333333333
0 0.654375 0.15270833333333333 0.046406249999999996 0.08187499999999999
0 0.65421875 0.2725 0.0459375 0.08541666666666667
0 0.65453125 0.3925 0.060781249999999995 0.07166666666666667
0 0.54890625 0.3910416666666666 0.05171875 0.08
0 0.5496875 0.27375 0.04609375 0.08791666666666667
0 0.54953125 0.151875 0.04578125 0.08770833333333333
0 0.654375 0.15270833333333333 0.046406249999999996 0.08187499999999999
0 0.65421875 0.2725 0.0459375 0.08541666666666667
0 0.65453125 0.3925 0.060781249999999995 0.07166666666666667
0 0.54890625 0.3910416666666666 0.05171875 0.08
0 0.5496875 0.27375 0.04609375 0.08791666666666667
0 0.54953125 0.151875 0.04578125 0.08770833333333333
0 0.654375 0.15270833333333333 0.046406249999999996 0.08187499999999999
0 0.65421875 0.2725 0.0459375 0.08541666666666667
0 0.65453125 0.3925 0.060781249999999995 0.07166666666666667
0 0.54890625 0.3910416666666666 0.05171875 0.08
0 0.5496875 0.27375 0.04609375 0.08791666666666667
0 0.54953125 0.151875 0.04578125 0.08770833333333333
0 0.654375 0.15270833333333333 0.046406249999999996 0.08187499999999999
0 0.65421875 0.2725 0.0459375 0.08541666666666667
0 0.65453125 0.3925 0.060781249999999995 0.07166666666666667
0 0.54890625 0.3910416666666666 0.05171875 0.08
0 0.5496875 0.27375 0.04609375 0.08791666666666667
0 0.54953125 0.151875 0.04578125 0.08770833333333333
0 0.654375 0.15270833333333333 0.046406249999999996 0.08187499999999999
0 0.65421875 0.2725 0.0459375 0.08541666666666667
0 0.65453125 0.3925 0.060781249999999995 0.07166666666666667
