0 0.6603125000000001 0.124375 0.0865625 0.095625
0 0.66171875 0.2554166666666667 0.06203125 0.10958333333333334
0 0.6640625 0.38333333333333336 0.059687500000000004 0.10541666666666667
0 0.7803125 0.3770833333333333 0.08765625 0.11375
0 0.7798437500000001 0.24916666666666665 0.0578125 0.10645833333333334
0 0.7775000000000001 0.1175 0.08578125 0.11958333333333333
0 0.6603125000000001 0.124375 0.0865625 0.095625
0 0.66171875 0.2554166666666667 0.06203125 0.10958333333333334
0 0.6640625 0.38333333333333336 0.059687500000000004 0.10541666666666667
0 0.7803125 0.3770833333333333 0.08765625 0.11375
0 0.7798437500000001 0.24916666666666665 0.0578125 0.10645833333333334
0 0.7775000000000001 0.1175 0.08578125 0.11958333333333333
0 0.6603125000000001 0.124375 0.0865625 0.095625
0 0.66171875 0.2554166666666667 0.06203125 0.10958333333333334
0 0.6640625 0.38333333333333336 0.059687500000000004 0.10541666666666667
0 0.7803125 0.3770833333333333 0.08765625 0.11375
0 0.7798437500000001 0.24916666666666665 0.0578125 0.10645833333333334
0 0.7775000000000001 0.1175 0.08578125 0.11958333333333333
0 0.6603125000000001 0.124375 0.0865625 0.095625
0 0.66171875 0.2554166666666667 0.06203125 0.10958333333333334
0 0.6640625 0.38333333333333336 0.059687500000000004 0.10541666666666667
0 0.7803125 0.3770833333333333 0.08765625 0.11375
0 0.7798437500000001 0.24916666666666665 0.0578125 0.10645833333333334
0 0.7775000000000001 0.1175 0.08578125 0.11958333333333333
0 0.6603125000000001 0.124375 0.0865625 0.095625
0 0.66171875 0.2554166666666667 0.06203125 0.10958333333333334
0 0.6640625 0.38333333333333336 0.059687500000000004 0.10541666666666667
0 0.7803125 0.3770833333333333 0.08765625 0.11375
0 0.7798437500000001 0.24916666666666665 0.0578125 0.10645833333333334
0 0.7775000000000001 0.1175 0.08578125 0.11958333333333333
0 0.6603125000000001 0.124375 0.0865625 0.095625
0 0.66171875 0.2554166666666667 0.06203125 0.10958333333333334
0 0.6640625 0.38333333333333336 0.059687500000000004 0.10541666666666667
0 0.7803125 0.3770833333333333 0.08765625 0.11375
0 0.7798437500000001 0.24916666666666665 0.0578125 0.10645833333333334
0 0.7775000000000001 0.1175 0.08578125 0.11958333333333333
