0 0.53828125 0.3229166666666667 0.043437500000000004 0.08958333333333333
0 0.6329687500000001 0.18541666666666667 0.06218749999999999 0.06604166666666667
0 0.71953125 0.33249999999999996 0.04875 0.085625
0 0.53828125 0.3229166666666667 0.043437500000000004 0.08958333333333333
0 0.6329687500000001 0.18541666666666667 0.06218749999999999 0.06604166666666667
0 0.71953125 0.33249999999999996 0.04875 0.085625
0 0.53828125 0.3229166666666667 0.043437500000000004 0.08958333333333333
0 0.6329687500000001 0.18541666666666667 0.06218749999999999 0.06604166666666667
0 0.71953125 0.33249999999999996 0.04875 0.085625
0 0.53828125 0.3229166666666667 0.043437500000000004 0.08958333333333333
0 0.6329687500000001 0.18541666666666667 0.06218749999999999 0.06604166666666667
0 0.71953125 0.33249999999999996 0.04875 0.085625
0 0.53828125 0.3229166666666667 0.043437500000000004 0.08958333333333333
0 0.6329687500000001 0.18541666666666667 0.06218749999999999 0.06604166666666667
0 0.71953125 0.33249999999999996 0.04875 0.085625
0 0.53828125 0.3229166666666667 0.043437500000000004 0.08958333333333333
0 0.6329687500000001 0.18541666666666667 0.06218749999999999 0.06604166666666667
0 0.71953125 0.33249999999999996 0.04875 0.085625
