0 0.56484375 0.16541666666666668 0.06890625 0.057708333333333334
0 0.5667187499999999 0.286875 0.045156249999999995 0.09020833333333332
0 0.56765625 0.40729166666666666 0.0453125 0.08708333333333333
0 0.67015625 0.40354166666666663 0.062343749999999996 0.06666666666666667
0 0.67109375 0.284375 0.06703125 0.060000000000000005
0 0.6682812499999999 0.16416666666666666 0.042812499999999996 0.08166666666666668
0 0.56484375 0.16541666666666668 0.06890625 0.057708333333333334
0 0.5667187499999999 0.286875 0.045156249999999995 0.09020833333333332
0 0.56765625 0.40729166666666666 0.0453125 0.08708333333333333
0 0.67015625 0.40354166666666663 0.062343749999999996 0.06666666666666667
0 0.67109375 0.284375 0.06703125 0.060000000000000005
0 0.6682812499999999 0.16416666666666666 0.042812499999999996 0.08166666666666668
0 0.56484375 0.16541666666666668 0.06890625 0.057708333333333334
0 0.5667187499999999 0.286875 0.045156249999999995 0.09020833333333332
0 0.56765625 0.40729166666666666 0.0453125 0.08708333333333333
0 0.67015625 0.40354166666666663 0.062343749999999996 0.06666666666666667
0 0.67109375 0.284375 0.06703125 0.060000000000000005
0 0.6682812499999999 0.16416666666666666 0.042812499999999996 0.08166666666666668
0 0.56484375 0.16541666666666668 0.06890625 0.057708333333333334
0 0.5667187499999999 0.286875 0.045156249999999995 0.09020833333333332
0 0.56765625 0.40729166666666666 0.0453125 0.08708333333333333
0 0.67015625 0.40354166666666663 0.062343749999999996 0.06666666666666667
0 0.67109375 0.284375 0.06703125 0.060000000000000005
0 0.6682812499999999 0.16416666666666666 0.042812499999999996 0.08166666666666668
0 0.56484375 0.16541666666666668 0.06890625 0.057708333333333334
0 0.5667187499999999 0.286875 0.045156249999999995 0.09020833333333332
0 0.56765625 0.40729166666666666 0.0453125 0.08708333333333333
0 0.67015625 0.40354166666666663 0.062343749999999996 0.06666666666666667
0 0.67109375 0.284375 0.06703125 0.060000000000000005
0 0.6682812499999999 0.16416666666666666 0.042812499999999996 0.08166666666666668
0 0.56484375 0.16541666666666668 0.06890625 0.057708333333333334
0 0.5667187499999999 0.286875 0.045156249999999995 0.09020833333333332
0 0.56765625 0.40729166666666666 0.0453125 0.08708333333333333
0 0.67015625 0.40354166666666663 0.062343749999999996 0.06666666666666667
0 0.67109375 0.284375 0.06703125 0.060000000000000005
0 0.6682812499999999 0.16416666666666666 0.042812499999999996 0.08166666666666668
