0 0.6553125 0.38958333333333334 0.07765625000000001 0.11583333333333333
0 0.7040625 0.315 0.08671875 0.103125
0 0.7575000000000001 0.24000000000000002 0.08625000000000001 0.11895833333333333
0 0.80890625 0.16541666666666668 0.0878125 0.12229166666666667
0 0.6553125 0.38958333333333334 0.07765625000000001 0.11583333333333333
0 0.7040625 0.315 0.08671875 0.103125
0 0.7575000000000001 0.24000000000000002 0.08625000000000001 0.11895833333333333
0 0.80890625 0.16541666666666668 0.0878125 0.12229166666666667
0 0.6553125 0.38958333333333334 0.07765625000000001 0.11583333333333333
0 0.7040625 0.315 0.08671875 0.103125
0 0.7575000000000001 0.24000000000000002 0.08625000000000001 0.11895833333333333
0 0.80890625 0.16541666666666668 0.0878125 0.12229166666666667
0 0.6553125 0.38958333333333334 0.07765625000000001 0.11583333333333333
0 0.7040625 0.315 0.08671875 0.103125
0 0.7575000000000001 0.24000000000000002 0.08625000000000001 0.11895833333333333
0 0.80890625 0.16541666666666668 0.0878125 0.12229166666666667
0 0.6553125 0.38958333333333334 0.07765625000000001 0.11583333333333333
0 0.7040625 0.315 0.08671875 0.103125
0 0.7575000000000001 0.24000000000000002 0.08625000000000001 0.11895833333333333
0 0.80890625 0.16541666666666668 0.0878125 0.12229166666666667
0 0.6553125 0.38958333333333334 0.07765625000000001 0.11583333333333333
0 0.7040625 0.315 0.08671875 0.103125
0 0.7575000000000001 0.24000000000000002 0.08625000000000001 0.11895833333333333
0 0.80890625 0.16541666666666668 0.0878125 0.12229166666666667
