0 0.5846875 0.25666666666666665 0.07515625000000001 0.10958333333333334
0 0.58109375 0.395625 0.06828125 0.10645833333333334
0 0.67015625 0.4041666666666667 0.05125 0.095
0 0.67703125 0.19083333333333333 0.08203125 0.10708333333333334
0 0.76890625 0.19312500000000002 0.06765625 0.10604166666666666
0 0.76390625 0.33541666666666664 0.0609375 0.10354166666666667
0 0.5846875 0.25666666666666665 0.07515625000000001 0.10958333333333334
0 0.58109375 0.395625 0.06828125 0.10645833333333334
0 0.67015625 0.4041666666666667 0.05125 0.095
0 0.67703125 0.19083333333333333 0.08203125 0.10708333333333334
0 0.76890625 0.19312500000000002 0.06765625 0.10604166666666666
0 0.76390625 0.33541666666666664 0.0609375 0.10354166666666667
0 0.5846875 0.25666666666666665 0.07515625000000001 0.10958333333333334
0 0.58109375 0.395625 0.06828125 0.10645833333333334
0 0.67015625 0.4041666666666667 0.05125 0.095
0 0.67703125 0.19083333333333333 0.08203125 0.10708333333333334
0 0.76890625 0.19312500000000002 0.06765625 0.10604166666666666
0 0.76390625 0.33541666666666664 0.0609375 0.10354166666666667
0 0.5846875 0.25666666666666665 0.07515625000000001 0.10958333333333334
0 0.58109375 0.395625 0.06828125 0.10645833333333334
0 0.67015625 0.4041666666666667 0.05125 0.095
0 0.67703125 0.19083333333333333 0.08203125 0.10708333333333334
0 0.76890625 0.19312500000000002 0.06765625 0.10604166666666666
0 0.76390625 0.33541666666666664 0.0609375 0.10354166666666667
0 0.5846875 0.25666666666666665 0.07515625000000001 0.10958333333333334
0 0.58109375 0.395625 0.06828125 0.10645833333333334
0 0.67015625 0.4041666666666667 0.05125 0.095
0 0.67703125 0.19083333333333333 0.08203125 0.10708333333333334
0 0.76890625 0.19312500000000002 0.06765625 0.10604166666666666
0 0.76390625 0.33541666666666664 0.0609375 0.10354166666666667
0 0.5846875 0.25666666666666665 0.07515625000000001 0.10958333333333334
0 0.58109375 0.395625 0.06828125 0.10645833333333334
0 0.67015625 0.4041666666666667 0.05125 0.095
0 0.67703125 0.19083333333333333 0.08203125 0.10708333333333334
0 0.76890625 0.19312500000000002 0.06765625 0.10604166666666666
0 0.76390625 0.33541666666666664 0.0609375 0.10354166666666667
