0 0.540625 0.33041666666666664 0.0465625 0.08958333333333333
0 0.63078125 0.338125 0.07890625 0.10916666666666666
0 0.7185937499999999 0.3360416666666667 0.0465625 0.08958333333333333
0 0.6342187499999999 0.19375 0.07718749999999999 0.08041666666666666
0 0.540625 0.33041666666666664 0.0465625 0.08958333333333333
0 0.63078125 0.338125 0.07890625 0.10916666666666666
0 0.7185937499999999 0.3360416666666667 0.0465625 0.08958333333333333
0 0.6342187499999999 0.19375 0.07718749999999999 0.08041666666666666
0 0.540625 0.33041666666666664 0.0465625 0.08958333333333333
0 0.63078125 0.338125 0.07890625 0.10916666666666666
0 0.7185937499999999 0.3360416666666667 0.0465625 0.08958333333333333
0 0.6342187499999999 0.19375 0.07718749999999999 0.08041666666666666
0 0.540625 0.33041666666666664 0.0465625 0.08958333333333333
0 0.63078125 0.338125 0.07890625 0.10916666666666666
0 0.7185937499999999 0.3360416666666667 0.0465625 0.08958333333333333
0 0.6342187499999999 0.19375 0.07718749999999999 0.08041666666666666
0 0.540625 0.33041666666666664 0.0465625 0.08958333333333333
0 0.63078125 0.338125 0.07890625 0.10916666666666666
0 0.7185937499999999 0.3360416666666667 0.0465625 0.08958333333333333
0 0.6342187499999999 0.19375 0.07718749999999999 0.08041666666666666
0 0.540625 0.33041666666666664 0.0465625 0.08958333333333333
0 0.63078125 0.338125 0.07890625 0.10916666666666666
0 0.7185937499999999 0.3360416666666667 0.0465625 0.08958333333333333
0 0.6342187499999999 0.19375 0.07718749999999999 0.08041666666666666
