0 0.70921875 0.32208333333333333 0.0878125 0.11416666666666667
0 0.76390625 0.24812499999999998 0.060312500000000005 0.10875
0 0.6704687500000001 0.16083333333333333 0.08765625 0.10437500000000001
0 0.70921875 0.32208333333333333 0.0878125 0.11416666666666667
0 0.76390625 0.24812499999999998 0.060312500000000005 0.10875
0 0.6704687500000001 0.16083333333333333 0.08765625 0.10437500000000001
0 0.70921875 0.32208333333333333 0.0878125 0.11416666666666667
0 0.76390625 0.24812499999999998 0.060312500000000005 0.10875
0 0.6704687500000001 0.16083333333333333 0.08765625 0.10437500000000001
0 0.70921875 0.32208333333333333 0.0878125 0.11416666666666667
0 0.76390625 0.24812499999999998 0.060312500000000005 0.10875
0 0.6704687500000001 0.16083333333333333 0.08765625 0.10437500000000001
0 0.70921875 0.32208333333333333 0.0878125 0.11416666666666667
0 0.76390625 0.24812499999999998 0.060312500000000005 0.10875
0 0.6704687500000001 0.16083333333333333 0.08765625 0.10437500000000001
0 0.70921875 0.32208333333333333 0.0878125 0.11416666666666667
0 0.76390625 0.24812499999999998 0.060312500000000005 0.10875
0 0.6704687500000001 0.16083333333333333 0.08765625 0.10437500000000001
