0 0.59328125 0.16083333333333333 0.0846875 0.11729166666666666
0 0.6871875000000001 0.15708333333333335 0.05859375 0.1075
0 0.785625 0.144375 0.08921875 0.11854166666666667
0 0.735 0.31187499999999996 0.06328125 0.10833333333333334
0 0.68703125 0.38875 0.063125 0.10770833333333334
0 0.59171875 0.38958333333333334 0.07109375 0.11312499999999999
0 0.59328125 0.16083333333333333 0.0846875 0.11729166666666666
0 0.6871875000000001 0.15708333333333335 0.05859375 0.1075
0 0.785625 0.144375 0.08921875 0.11854166666666667
0 0.735 0.31187499999999996 0.06328125 0.10833333333333334
0 0.68703125 0.38875 0.063125 0.10770833333333334
0 0.59171875 0.38958333333333334 0.07109375 0.11312499999999999
0 0.59328125 0.16083333333333333 0.0846875 0.11729166666666666
0 0.6871875000000001 0.15708333333333335 0.05859375 0.1075
0 0.785625 0.144375 0.08921875 0.11854166666666667
0 0.735 0.31187499999999996 0.06328125 0.10833333333333334
0 0.68703125 0.38875 0.063125 0.10770833333333334
0 0.59171875 0.38958333333333334 0.07109375 0.11312499999999999
0 0.59328125 0.16083333333333333 0.0846875 0.11729166666666666
0 0.6871875000000001 0.15708333333333335 0.05859375 0.1075
0 0.785625 0.144375 0.08921875 0.11854166666666667
0 0.735 0.31187499999999996 0.06328125 0.10833333333333334
0 0.68703125 0.38875 0.063125 0.10770833333333334
0 0.59171875 0.38958333333333334 0.07109375 0.11312499999999999
0 0.59328125 0.16083333333333333 0.0846875 0.11729166666666666
0 0.6871875000000001 0.15708333333333335 0.05859375 0.1075
0 0.785625 0.144375 0.08921875 0.11854166666666667
0 0.735 0.31187499999999996 0.06328125 0.10833333333333334
0 0.68703125 0.38875 0.063125 0.10770833333333334
0 0.59171875 0.38958333333333334 0.07109375 0.11312499999999999
0 0.59328125 0.16083333333333333 0.0846875 0.11729166666666666
0 0.6871875000000001 0.15708333333333335 0.05859375 0.1075
0 0.785625 0.144375 0.08921875 0.11854166666666667
0 0.735 0.31187499999999996 0.06328125 0.10833333333333334
0 0.68703125 0.38875 0.063125 0.10770833333333334
0 0.59171875 0.38958333333333334 0.07109375 0.11312499999999999
