0 0.54 0.30666666666666664 0.0715625 0.0725
0 0.631875 0.24729166666666666 0.0690625 0.06604166666666667
0 0.7215625 0.32437499999999997 0.08015625 0.10375
0 0.5928125 0.1720833333333333 0.06109375 0.10250000000000001
0 0.54 0.30666666666666664 0.0715625 0.0725
0 0.631875 0.24729166666666666 0.0690625 0.06604166666666667
0 0.7215625 0.32437499999999997 0.08015625 0.10375
0 0.5928125 0.1720833333333333 0.06109375 0.10250000000000001
0 0.54 0.30666666666666664 0.0715625 0.0725
0 0.631875 0.24729166666666666 0.0690625 0.06604166666666667
0 0.7215625 0.32437499999999997 0.08015625 0.10375
0 0.5928125 0.1720833333333333 0.06109375 0.10250000000000001
0 0.54 0.30666666666666664 0.0715625 0.0725
0 0.631875 0.24729166666666666 0.0690625 0.06604166666666667
0 0.7215625 0.32437499999999997 0.08015625 0.10375
0 0.5928125 0.1720833333333333 0.06109375 0.10250000000000001
0 0.54 0.30666666666666664 0.0715625 0.0725
0 0.631875 0.24729166666666666 0.0690625 0.06604166666666667
0 0.7215625 0.32437499999999997 0.08015625 0.10375
0 0.5928125 0.1720833333333333 0.06109375 0.10250000000000001
0 0.54 0.30666666666666664 0.0715625 0.0725
0 0.631875 0.24729166666666666 0.0690625 0.06604166666666667
0 0.7215625 0.32437499999999997 0.08015625 0.10375
0 0.5928125 0.1720833333333333 0.06109375 0.10250000000000001
