0 0.6325000000000001 0.19083333333333333 0.073125 0.06770833333333333
0 0.5825 0.3314583333333333 0.05765625 0.10291666666666667
0 0.7634375 0.341875 0.084375 0.105
0 0.766875 0.19749999999999998 0.050624999999999996 0.09729166666666668
0 0.6325000000000001 0.19083333333333333 0.073125 0.06770833333333333
0 0.5825 0.3314583333333333 0.05765625 0.10291666666666667
0 0.7634375 0.341875 0.084375 0.105
0 0.766875 0.19749999999999998 0.050624999999999996 0.09729166666666668
0 0.6325000000000001 0.19083333333333333 0.073125 0.06770833333333333
0 0.5825 0.3314583333333333 0.05765625 0.10291666666666667
0 0.7634375 0.341875 0.084375 0.105
0 0.766875 0.19749999999999998 0.050624999999999996 0.09729166666666668
0 0.6325000000000001 0.19083333333333333 0.073125 0.06770833333333333
0 0.5825 0.3314583333333333 0.05765625 0.10291666666666667
0 0.7634375 0.341875 0.084375 0.105
0 0.766875 0.19749999999999998 0.050624999999999996 0.09729166666666668
0 0.6325000000000001 0.19083333333333333 0.073125 0.06770833333333333
0 0.5825 0.3314583333333333 0.05765625 0.10291666666666667
0 0.7634375 0.341875 0.084375 0.105
0 0.766875 0.19749999999999998 0.050624999999999996 0.09729166666666668
0 0.6325000000000001 0.19083333333333333 0.073125 0.06770833333333333
0 0.5825 0.3314583333333333 0.05765625 0.10291666666666667
0 0.7634375 0.341875 0.084375 0.105
0 0.766875 0.19749999999999998 0.050624999999999996 0.09729166666666668
