0 0.5671875 0.33 0.0809375 0.115
0 0.579375 0.4764583333333333 0.08453125 0.11291666666666668
0 0.6725 0.46020833333333333 0.058750000000000004 0.105
0 0.6546875 0.23333333333333334 0.09078125000000001 0.10854166666666668
0 0.7484375 0.21958333333333335 0.083125 0.124375
0 0.5671875 0.33 0.0809375 0.115
0 0.579375 0.4764583333333333 0.08453125 0.11291666666666668
0 0.6725 0.46020833333333333 0.058750000000000004 0.105
0 0.6546875 0.23333333333333334 0.09078125000000001 0.10854166666666668
0 0.7484375 0.21958333333333335 0.083125 0.124375
0 0.5671875 0.33 0.0809375 0.115
0 0.579375 0.4764583333333333 0.08453125 0.11291666666666668
0 0.6725 0.46020833333333333 0.058750000000000004 0.105
0 0.6546875 0.23333333333333334 0.09078125000000001 0.10854166666666668
0 0.7484375 0.21958333333333335 0.083125 0.124375
0 0.5671875 0.33 0.0809375 0.115
0 0.579375 0.4764583333333333 0.08453125 0.11291666666666668
0 0.6725 0.46020833333333333 0.058750000000000004 0.105
0 0.6546875 0.23333333333333334 0.09078125000000001 0.10854166666666668
0 0.7484375 0.21958333333333335 0.083125 0.124375
0 0.5671875 0.33 0.0809375 0.115
0 0.579375 0.4764583333333333 0.08453125 0.11291666666666668
0 0.6725 0.46020833333333333 0.058750000000000004 0.105
0 0.6546875 0.23333333333333334 0.09078125000000001 0.10854166666666668
0 0.7484375 0.21958333333333335 0.083125 0.124375
0 0.5671875 0.33 0.0809375 0.115
0 0.579375 0.4764583333333333 0.08453125 0.11291666666666668
0 0.6725 0.46020833333333333 0.058750000000000004 0.105
0 0.6546875 0.23333333333333334 0.09078125000000001 0.10854166666666668
0 0.7484375 0.21958333333333335 0.083125 0.124375
