0 0.5667187499999999 0.4047916666666667 0.04625 0.08958333333333333
0 0.5623437499999999 0.2864583333333333 0.05796875 0.06833333333333333
0 0.5610937500000001 0.16666666666666666 0.044687500000000005 0.08833333333333333
0 0.66734375 0.16166666666666665 0.04625 0.08708333333333333
0 0.67109375 0.28187500000000004 0.0475 0.08645833333333333
0 0.67234375 0.40041666666666664 0.045156249999999995 0.08833333333333333
0 0.5667187499999999 0.4047916666666667 0.04625 0.08958333333333333
0 0.5623437499999999 0.2864583333333333 0.05796875 0.06833333333333333
0 0.5610937500000001 0.16666666666666666 0.044687500000000005 0.08833333333333333
0 0.66734375 0.16166666666666665 0.04625 0.08708333333333333
0 0.67109375 0.28187500000000004 0.0475 0.08645833333333333
0 0.67234375 0.40041666666666664 0.045156249999999995 0.08833333333333333
0 0.5667187499999999 0.4047916666666667 0.04625 0.08958333333333333
0 0.5623437499999999 0.2864583333333333 0.05796875 0.06833333333333333
0 0.5610937500000001 0.16666666666666666 0.044687500000000005 0.08833333333333333
0 0.66734375 0.16166666666666665 0.04625 0.08708333333333333
0 0.67109375 0.28187500000000004 0.0475 0.08645833333333333
0 0.67234375 0.40041666666666664 0.045156249999999995 0.08833333333333333
0 0.5667187499999999 0.4047916666666667 0.04625 0.08958333333333333
0 0.5623437499999999 0.2864583333333333 0.05796875 0.06833333333333333
0 0.5610937500000001 0.16666666666666666 0.044687500000000005 0.08833333333333333
0 0.66734375 0.16166666666666665 0.04625 0.08708333333333333
0 0.67109375 0.28187500000000004 0.0475 0.08645833333333333
0 0.67234375 0.40041666666666664 0.045156249999999995 0.08833333333333333
0 0.5667187499999999 0.4047916666666667 0.04625 0.08958333333333333
0 0.5623437499999999 0.2864583333333333 0.05796875 0.06833333333333333
0 0.5610937500000001 0.16666666666666666 0.044687500000000005 0.08833333333333333
0 0.66734375 0.16166666666666665 0.04625 0.08708333333333333
0 0.67109375 0.28187500000000004 0.0475 0.08645833333333333
0 0.67234375 0.40041666666666664 0.045156249999999995 0.08833333333333333
0 0.5667187499999999 0.4047916666666667 0.04625 0.08958333333333333
0 0.5623437499999999 0.2864583333333333 0.05796875 0.06833333333333333
0 0.5610937500000001 0.16666666666666666 0.044687500000000005 0.08833333333333333
0 0.66734375 0.16166666666666665 0.04625 0.08708333333333333
0 0.67109375 0.28187500000000004 0.0475 0.08645833333333333
0 0.67234375 0.40041666666666664 0.045156249999999995 0.08833333333333333
