0 0.6528125 0.11041666666666666 0.08499999999999999 0.11208333333333333
0 0.64796875 0.2341666666666667 0.07109375 0.06875
0 0.6409374999999999 0.354375 0.08265625 0.10645833333333334
0 0.74921875 0.3627083333333333 0.06937499999999999 0.06708333333333334
0 0.7535937500000001 0.23916666666666667 0.07296875 0.07229166666666667
0 0.7584375 0.12104166666666667 0.06109375 0.10625
0 0.6528125 0.11041666666666666 0.08499999999999999 0.11208333333333333
0 0.64796875 0.2341666666666667 0.07109375 0.06875
0 0.6409374999999999 0.354375 0.08265625 0.10645833333333334
0 0.74921875 0.3627083333333333 0.06937499999999999 0.06708333333333334
0 0.7535937500000001 0.23916666666666667 0.07296875 0.07229166666666667
0 0.7584375 0.12104166666666667 0.06109375 0.10625
0 0.6528125 0.11041666666666666 0.08499999999999999 0.11208333333333333
0 0.64796875 0.2341666666666667 0.07109375 0.06875
0 0.6409374999999999 0.354375 0.08265625 0.10645833333333334
0 0.74921875 0.3627083333333333 0.06937499999999999 0.06708333333333334
0 0.7535937500000001 0.23916666666666667 0.07296875 0.07229166666666667
0 0.7584375 0.12104166666666667 0.06109375 0.10625
0 0.6528125 0.11041666666666666 0.08499999999999999 0.11208333333333333
0 0.64796875 0.2341666666666667 0.07109375 0.06875
0 0.6409374999999999 0.354375 0.08265625 0.10645833333333334
0 0.74921875 0.3627083333333333 0.06937499999999999 0.06708333333333334
0 0.7535937500000001 0.23916666666666667 0.07296875 0.07229166666666667
0 0.7584375 0.12104166666666667 0.06109375 0.10625
0 0.6528125 0.11041666666666666 0.08499999999999999 0.11208333333333333
0 0.64796875 0.2341666666666667 0.07109375 0.06875
0 0.6409374999999999 0.354375 0.08265625 0.10645833333333334
0 0.74921875 0.3627083333333333 0.06937499999999999 0.06708333333333334
0 0.7535937500000001 0.23916666666666667 0.07296875 0.07229166666666667
0 0.7584375 0.12104166666666667 0.06109375 0.10625
0 0.6528125 0.11041666666666666 0.08499999999999999 0.11208333333333333
0 0.64796875 0.2341666666666667 0.07109375 0.06875
0 0.6409374999999999 0.354375 0.08265625 0.10645833333333334
0 0.74921875 0.3627083333333333 0.06937499999999999 0.06708333333333334
0 0.7535937500000001 0.23916666666666667 0.07296875 0.07229166666666667
0 0.7584375 0.12104166666666667 0.06109375 0.10625
