0 0.57109375 0.140625 0.0803125 0.115
0 0.6775 0.14791666666666667 0.08375 0.09791666666666667
0 0.6207812500000001 0.26979166666666665 0.0728125 0.07125000000000001
0 0.72828125 0.27375 0.07781249999999999 0.08083333333333333
0 0.6174999999999999 0.38979166666666665 0.0840625 0.10625
0 0.725 0.398125 0.075 0.07333333333333333
0 0.57109375 0.140625 0.0803125 0.115
0 0.6775 0.14791666666666667 0.08375 0.09791666666666667
0 0.6207812500000001 0.26979166666666665 0.0728125 0.07125000000000001
0 0.72828125 0.27375 0.07781249999999999 0.08083333333333333
0 0.6174999999999999 0.38979166666666665 0.0840625 0.10625
0 0.725 0.398125 0.075 0.07333333333333333
0 0.57109375 0.140625 0.0803125 0.115
0 0.6775 0.14791666666666667 0.08375 0.09791666666666667
0 0.6207812500000001 0.26979166666666665 0.0728125 0.07125000000000001
0 0.72828125 0.27375 0.07781249999999999 0.08083333333333333
0 0.6174999999999999 0.38979166666666665 0.0840625 0.10625
0 0.725 0.398125 0.075 0.07333333333333333
0 0.57109375 0.140625 0.0803125 0.115
0 0.6775 0.14791666666666667 0.08375 0.09791666666666667
0 0.6207812500000001 0.26979166666666665 0.0728125 0.07125000000000001
0 0.72828125 0.27375 0.07781249999999999 0.08083333333333333
0 0.6174999999999999 0.38979166666666665 0.0840625 0.10625
0 0.725 0.398125 0.075 0.07333333333333333
0 0.57109375 0.140625 0.0803125 0.115
0 0.6775 0.14791666666666667 0.08375 0.09791666666666667
0 0.6207812500000001 0.26979166666666665 0.0728125 0.07125000000000001
0 0.72828125 0.27375 0.07781249999999999 0.08083333333333333
0 0.6174999999999999 0.38979166666666665 0.0840625 0.10625
0 0.725 0.398125 0.075 0.07333333333333333
0 0.57109375 0.140625 0.0803125 0.115
0 0.6775 0.14791666666666667 0.08375 0.09791666666666667
0 0.6207812500000001 0.26979166666666665 0.0728125 0.07125000000000001
0 0.72828125 0.27375 0.07781249999999999 0.08083333333333333
0 0.6174999999999999 0.38979166666666665 0.0840625 0.10625
0 0.725 0.398125 0.075 0.07333333333333333
