0 0.651875 0.10770833333333334 0.0753125 0.07770833333333332
0 0.6459374999999999 0.2345833333333333 0.056874999999999995 0.10291666666666667
0 0.64109375 0.35083333333333333 0.05921875 0.10208333333333333
0 0.7501562500000001 0.3610416666666667 0.060312500000000005 0.10541666666666667
0 0.76265625 0.23979166666666665 0.06937499999999999 0.06708333333333334
0 0.76265625 0.11791666666666667 0.07781249999999999 0.08354166666666667
0 0.651875 0.10770833333333334 0.0753125 0.07770833333333332
0 0.6459374999999999 0.2345833333333333 0.056874999999999995 0.10291666666666667
0 0.64109375 0.35083333333333333 0.05921875 0.10208333333333333
0 0.7501562500000001 0.3610416666666667 0.060312500000000005 0.10541666666666667
0 0.76265625 0.23979166666666665 0.06937499999999999 0.06708333333333334
0 0.76265625 0.11791666666666667 0.07781249999999999 0.08354166666666667
0 0.651875 0.10770833333333334 0.0753125 0.07770833333333332
0 0.6459374999999999 0.2345833333333333 0.056874999999999995 0.10291666666666667
0 0.64109375 0.35083333333333333 0.05921875 0.10208333333333333
0 0.7501562500000001 0.3610416666666667 0.060312500000000005 0.10541666666666667
0 0.76265625 0.23979166666666665 0.06937499999999999 0.06708333333333334
0 0.76265625 0.11791666666666667 0.07781249999999999 0.08354166666666667
0 0.651875 0.10770833333333334 0.0753125 0.07770833333333332
0 0.6459374999999999 0.2345833333333333 0.056874999999999995 0.10291666666666667
0 0.64109375 0.35083333333333333 0.05921875 0.10208333333333333
0 0.7501562500000001 0.3610416666666667 0.060312500000000005 0.10541666666666667
0 0.76265625 0.23979166666666665 0.06937499999999999 0.06708333333333334
0 0.76265625 0.11791666666666667 0.07781249999999999 0.08354166666666667
0 0.651875 0.10770833333333334 0.0753125 0.07770833333333332
0 0.6459374999999999 0.2345833333333333 0.056874999999999995 0.10291666666666667
0 0.64109375 0.35083333333333333 0.05921875 0.10208333333333333
0 0.7501562500000001 0.3610416666666667 0.060312500000000005 0.10541666666666667
0 0.76265625 0.23979166666666665 0.06937499999999999 0.06708333333333334
0 0.76265625 0.11791666666666667 0.07781249999999999 0.08354166666666667
0 0.651875 0.10770833333333334 0.0753125 0.07770833333333332
0 0.6459374999999999 0.2345833333333333 0.056874999999999995 0.10291666666666667
0 0.64109375 0.35083333333333333 0.05921875 0.10208333333333333
0 0.7501562500000001 0.3610416666666667 0.060312500000000005 0.10541666666666667
0 0.76265625 0.23979166666666665 0.06937499999999999 0.06708333333333334
0 0.76265625 0.11791666666666667 0.07781249999999999 0.08354166666666667
