0 0.56578125 0.4047916666666667 0.045156249999999995 0.08833333333333333
0 0.56484375 0.286875 0.05171875 0.07875
0 0.56296875 0.16291666666666668 0.04421875 0.08520833333333333
0 0.66921875 0.16166666666666665 0.0440625 0.08833333333333333
0 0.67109375 0.283125 0.04765625 0.08770833333333333
0 0.67484375 0.4010416666666667 0.06765625 0.06041666666666667
0 0.56578125 0.4047916666666667 0.045156249999999995 0.08833333333333333
0 0.56484375 0.286875 0.05171875 0.07875
0 0.56296875 0.16291666666666668 0.04421875 0.08520833333333333
0 0.66921875 0.16166666666666665 0.0440625 0.08833333333333333
0 0.67109375 0.283125 0.04765625 0.08770833333333333
0 0.67484375 0.4010416666666667 0.06765625 0.06041666666666667
0 0.56578125 0.4047916666666667 0.045156249999999995 0.08833333333333333
0 0.56484375 0.286875 0.05171875 0.07875
0 0.56296875 0.16291666666666668 0.04421875 0.08520833333333333
0 0.66921875 0.16166666666666665 0.0440625 0.08833333333333333
0 0.67109375 0.283125 0.04765625 0.08770833333333333
0 0.67484375 0.4010416666666667 0.06765625 0.06041666666666667
0 0.56578125 0.4047916666666667 0.045156249999999995 0.08833333333333333
0 0.56484375 0.286875 0.05171875 0.07875
0 0.56296875 0.16291666666666668 0.04421875 0.08520833333333333
0 0.66921875 0.16166666666666665 0.0440625 0.08833333333333333
0 0.67109375 0.283125 0.04765625 0.08770833333333333
0 0.67484375 0.4010416666666667 0.06765625 0.06041666666666667
0 0.56578125 0.4047916666666667 0.045156249999999995 0.08833333333333333
0 0.56484375 0.286875 0.05171875 0.07875
0 0.56296875 0.16291666666666668 0.04421875 0.08520833333333333
0 0.66921875 0.16166666666666665 0.0440625 0.08833333333333333
0 0.67109375 0.283125 0.04765625 0.08770833333333333
0 0.67484375 0.4010416666666667 0.06765625 0.06041666666666667
0 0.56578125 0.4047916666666667 0.045156249999999995 0.08833333333333333
0 0.56484375 0.286875 0.05171875 0.07875
0 0.56296875 0.16291666666666668 0.04421875 0.08520833333333333
0 0.66921875 0.16166666666666665 0.0440625 0.08833333333333333
0 0.67109375 0.283125 0.04765625 0.08770833333333333
0 0.67484375 0.4010416666666667 0.06765625 0.06041666666666667
