0 0.56421875 0.2652083333333333 0.060625 0.10479166666666666
0 0.57234375 0.13833333333333334 0.0803125 0.115
0 0.6784375 0.14604166666666665 0.08375 0.09791666666666667
0 0.7278125 0.2735416666666667 0.07781249999999999 0.08083333333333333
0 0.72421875 0.39791666666666664 0.075 0.07333333333333333
0 0.56421875 0.2652083333333333 0.060625 0.10479166666666666
0 0.57234375 0.13833333333333334 0.0803125 0.115
0 0.6784375 0.14604166666666665 0.08375 0.09791666666666667
0 0.7278125 0.2735416666666667 0.07781249999999999 0.08083333333333333
0 0.72421875 0.39791666666666664 0.075 0.07333333333333333
0 0.56421875 0.2652083333333333 0.060625 0.10479166666666666
0 0.57234375 0.13833333333333334 0.0803125 0.115
0 0.6784375 0.14604166666666665 0.08375 0.09791666666666667
0 0.7278125 0.2735416666666667 0.07781249999999999 0.08083333333333333
0 0.72421875 0.39791666666666664 0.075 0.07333333333333333
0 0.56421875 0.2652083333333333 0.060625 0.10479166666666666
0 0.57234375 0.13833333333333334 0.0803125 0.115
0 0.6784375 0.14604166666666665 0.08375 0.09791666666666667
0 0.7278125 0.2735416666666667 0.07781249999999999 0.08083333333333333
0 0.72421875 0.39791666666666664 0.075 0.07333333333333333
0 0.56421875 0.2652083333333333 0.060625 0.10479166666666666
0 0.57234375 0.13833333333333334 0.0803125 0.115
0 0.6784375 0.14604166666666665 0.08375 0.09791666666666667
0 0.7278125 0.2735416666666667 0.07781249999999999 0.08083333333333333
0 0.72421875 0.39791666666666664 0.075 0.07333333333333333
0 0.56421875 0.2652083333333333 0.060625 0.10479166666666666
0 0.57234375 0.13833333333333334 0.0803125 0.115
0 0.6784375 0.14604166666666665 0.08375 0.09791666666666667
0 0.7278125 0.2735416666666667 0.07781249999999999 0.08083333333333333
0 0.72421875 0.39791666666666664 0.075 0.07333333333333333
