0 0.5667187499999999 0.40354166666666663 0.04625 0.09166666666666666
0 0.67109375 0.4010416666666667 0.04984375 0.08520833333333333
0 0.67109375 0.283125 0.060781249999999995 0.06604166666666667
0 0.56578125 0.284375 0.0553125 0.07041666666666666
0 0.56203125 0.16791666666666666 0.05828124999999999 0.07645833333333334
0 0.6682812499999999 0.16166666666666665 0.04609375 0.08895833333333333
0 0.5667187499999999 0.40354166666666663 0.04625 0.09166666666666666
0 0.67109375 0.4010416666666667 0.04984375 0.08520833333333333
0 0.67109375 0.283125 0.060781249999999995 0.06604166666666667
0 0.56578125 0.284375 0.0553125 0.07041666666666666
0 0.56203125 0.16791666666666666 0.05828124999999999 0.07645833333333334
0 0.6682812499999999 0.16166666666666665 0.04609375 0.08895833333333333
0 0.5667187499999999 0.40354166666666663 0.04625 0.09166666666666666
0 0.67109375 0.4010416666666667 0.04984375 0.08520833333333333
0 0.67109375 0.283125 0.060781249999999995 0.06604166666666667
0 0.56578125 0.284375 0.0553125 0.07041666666666666
0 0.56203125 0.16791666666666666 0.05828124999999999 0.07645833333333334
0 0.6682812499999999 0.16166666666666665 0.04609375 0.08895833333333333
0 0.5667187499999999 0.40354166666666663 0.04625 0.09166666666666666
0 0.67109375 0.4010416666666667 0.04984375 0.08520833333333333
0 0.67109375 0.283125 0.060781249999999995 0.06604166666666667
0 0.56578125 0.284375 0.0553125 0.07041666666666666
0 0.56203125 0.16791666666666666 0.05828124999999999 0.07645833333333334
0 0.6682812499999999 0.16166666666666665 0.04609375 0.08895833333333333
0 0.5667187499999999 0.40354166666666663 0.04625 0.09166666666666666
0 0.67109375 0.4010416666666667 0.04984375 0.08520833333333333
0 0.67109375 0.283125 0.060781249999999995 0.06604166666666667
0 0.56578125 0.284375 0.0553125 0.07041666666666666
0 0.56203125 0.16791666666666666 0.05828124999999999 0.07645833333333334
0 0.6682812499999999 0.16166666666666665 0.04609375 0.08895833333333333
0 0.5667187499999999 0.40354166666666663 0.04625 0.09166666666666666
0 0.67109375 0.4010416666666667 0.04984375 0.08520833333333333
0 0.67109375 0.283125 0.060781249999999995 0.06604166666666667
0 0.56578125 0.284375 0.0553125 0.07041666666666666
0 0.56203125 0.16791666666666666 0.05828124999999999 0.07645833333333334
0 0.6682812499999999 0.16166666666666665 0.04609375 0.08895833333333333
