0 0.56484375 0.39979166666666666 0.04390625 0.09020833333333332
0 0.56296875 0.283125 0.055937499999999994 0.07104166666666667
0 0.56484375 0.16291666666666668 0.044375 0.08833333333333333
0 0.67109375 0.16291666666666668 0.0671875 0.06020833333333333
0 0.6720312500000001 0.284375 0.04625 0.09125
0 0.6717187499999999 0.4008333333333333 0.04484375 0.088125
0 0.56484375 0.39979166666666666 0.04390625 0.09020833333333332
0 0.56296875 0.283125 0.055937499999999994 0.07104166666666667
0 0.56484375 0.16291666666666668 0.044375 0.08833333333333333
0 0.67109375 0.16291666666666668 0.0671875 0.06020833333333333
0 0.6720312500000001 0.284375 0.04625 0.09125
0 0.6717187499999999 0.4008333333333333 0.04484375 0.088125
0 0.56484375 0.39979166666666666 0.04390625 0.09020833333333332
0 0.56296875 0.283125 0.055937499999999994 0.07104166666666667
0 0.56484375 0.16291666666666668 0.044375 0.08833333333333333
0 0.67109375 0.16291666666666668 0.0671875 0.06020833333333333
0 0.6720312500000001 0.284375 0.04625 0.09125
0 0.6717187499999999 0.4008333333333333 0.04484375 0.088125
0 0.56484375 0.39979166666666666 0.04390625 0.09020833333333332
0 0.56296875 0.283125 0.055937499999999994 0.07104166666666667
0 0.56484375 0.16291666666666668 0.044375 0.08833333333333333
0 0.67109375 0.16291666666666668 0.0671875 0.06020833333333333
0 0.6720312500000001 0.284375 0.04625 0.09125
0 0.6717187499999999 0.4008333333333333 0.04484375 0.088125
0 0.56484375 0.39979166666666666 0.04390625 0.09020833333333332
0 0.56296875 0.283125 0.055937499999999994 0.07104166666666667
0 0.56484375 0.16291666666666668 0.044375 0.08833333333333333
0 0.67109375 0.16291666666666668 0.0671875 0.06020833333333333
0 0.6720312500000001 0.284375 0.04625 0.09125
0 0.6717187499999999 0.4008333333333333 0.04484375 0.088125
0 0.56484375 0.39979166666666666 0.04390625 0.09020833333333332
0 0.56296875 0.283125 0.055937499999999994 0.07104166666666667
0 0.56484375 0.16291666666666668 0.044375 0.08833333333333333
0 0.67109375 0.16291666666666668 0.0671875 0.06020833333333333
0 0.6720312500000001 0.284375 0.04625 0.09125
0 0.6717187499999999 0.4008333333333333 0.04484375 0.088125
