0 0.54 0.3075 0.07265625 0.07270833333333333
0 0.5921875 0.17145833333333332 0.06281250000000001 0.10604166666666666
0 0.7262500000000001 0.16833333333333333 0.074375 0.06229166666666666
0 0.72140625 0.3225 0.07906250000000001 0.09416666666666668
0 0.54 0.3075 0.07265625 0.07270833333333333
0 0.5921875 0.17145833333333332 0.06281250000000001 0.10604166666666666
0 0.7262500000000001 0.16833333333333333 0.074375 0.06229166666666666
0 0.72140625 0.3225 0.07906250000000001 0.09416666666666668
0 0.54 0.3075 0.07265625 0.07270833333333333
0 0.5921875 0.17145833333333332 0.06281250000000001 0.10604166666666666
0 0.7262500000000001 0.16833333333333333 0.074375 0.06229166666666666
0 0.72140625 0.3225 0.07906250000000001 0.09416666666666668
0 0.54 0.3075 0.07265625 0.07270833333333333
0 0.5921875 0.17145833333333332 0.06281250000000001 0.10604166666666666
0 0.7262500000000001 0.16833333333333333 0.074375 0.06229166666666666
0 0.72140625 0.3225 0.07906250000000001 0.09416666666666668
0 0.54 0.3075 0.07265625 0.07270833333333333
0 0.5921875 0.17145833333333332 0.06281250000000001 0.10604166666666666
0 0.7262500000000001 0.16833333333333333 0.074375 0.06229166666666666
0 0.72140625 0.3225 0.07906250000000001 0.09416666666666668
0 0.54 0.3075 0.07265625 0.07270833333333333
0 0.5921875 0.17145833333333332 0.06281250000000001 0.10604166666666666
0 0.7262500000000001 0.16833333333333333 0.074375 0.06229166666666666
0 0.72140625 0.3225 0.07906250000000001 0.09416666666666668
