0 0.610625 0.09666666666666666 0.07140625 0.06541666666666666
0 0.6103125 0.22729166666666664 0.08546875000000001 0.11312499999999999
0 0.6096874999999999 0.35541666666666666 0.06296874999999999 0.10791666666666666
0 0.7221875 0.35625 0.08 0.11604166666666667
0 0.72375 0.22395833333333334 0.0846875 0.09083333333333334
0 0.7246875 0.09541666666666666 0.08625000000000001 0.09104166666666667
0 0.610625 0.09666666666666666 0.07140625 0.06541666666666666
0 0.6103125 0.22729166666666664 0.08546875000000001 0.11312499999999999
0 0.6096874999999999 0.35541666666666666 0.06296874999999999 0.10791666666666666
0 0.7221875 0.35625 0.08 0.11604166666666667
0 0.72375 0.22395833333333334 0.0846875 0.09083333333333334
0 0.7246875 0.09541666666666666 0.08625000000000001 0.09104166666666667
0 0.610625 0.09666666666666666 0.07140625 0.06541666666666666
0 0.6103125 0.22729166666666664 0.08546875000000001 0.11312499999999999
0 0.6096874999999999 0.35541666666666666 0.06296874999999999 0.10791666666666666
0 0.7221875 0.35625 0.08 0.11604166666666667
0 0.72375 0.22395833333333334 0.0846875 0.09083333333333334
0 0.7246875 0.09541666666666666 0.08625000000000001 0.09104166666666667
0 0.610625 0.09666666666666666 0.07140625 0.06541666666666666
0 0.6103125 0.22729166666666664 0.08546875000000001 0.11312499999999999
0 0.6096874999999999 0.35541666666666666 0.06296874999999999 0.10791666666666666
0 0.7221875 0.35625 0.08 0.11604166666666667
0 0.72375 0.22395833333333334 0.0846875 0.09083333333333334
0 0.7246875 0.09541666666666666 0.08625000000000001 0.09104166666666667
0 0.610625 0.09666666666666666 0.07140625 0.06541666666666666
0 0.6103125 0.22729166666666664 0.08546875000000001 0.11312499999999999
0 0.6096874999999999 0.35541666666666666 0.06296874999999999 0.10791666666666666
0 0.7221875 0.35625 0.08 0.11604166666666667
0 0.72375 0.22395833333333334 0.0846875 0.09083333333333334
0 0.7246875 0.09541666666666666 0.08625000000000001 0.09104166666666667
0 0.610625 0.09666666666666666 0.07140625 0.06541666666666666
0 0.6103125 0.22729166666666664 0.08546875000000001 0.11312499999999999
0 0.6096874999999999 0.35541666666666666 0.06296874999999999 0.10791666666666666
0 0.7221875 0.35625 0.08 0.11604166666666667
0 0.72375 0.22395833333333334 0.0846875 0.09083333333333334
0 0.7246875 0.09541666666666666 0.08625000000000001 0.09104166666666667
