0 0.5639062499999999 0.16416666666666666 0.05500000000000001 0.07666666666666666
0 0.56328125 0.2864583333333333 0.0665625 0.06083333333333333
0 0.56765625 0.4047916666666667 0.06703125 0.059583333333333335
0 0.6720312500000001 0.40229166666666666 0.046718749999999996 0.09020833333333332
0 0.6720312500000001 0.283125 0.06796875 0.06083333333333333
0 0.670625 0.163125 0.04578125 0.08854166666666667
0 0.5639062499999999 0.16416666666666666 0.05500000000000001 0.07666666666666666
0 0.56328125 0.2864583333333333 0.0665625 0.06083333333333333
0 0.56765625 0.4047916666666667 0.06703125 0.059583333333333335
0 0.6720312500000001 0.40229166666666666 0.046718749999999996 0.09020833333333332
0 0.6720312500000001 0.283125 0.06796875 0.06083333333333333
0 0.670625 0.163125 0.04578125 0.08854166666666667
0 0.5639062499999999 0.16416666666666666 0.05500000000000001 0.07666666666666666
0 0.56328125 0.2864583333333333 0.0665625 0.06083333333333333
0 0.56765625 0.4047916666666667 0.06703125 0.059583333333333335
0 0.6720312500000001 0.40229166666666666 0.046718749999999996 0.09020833333333332
0 0.6720312500000001 0.283125 0.06796875 0.06083333333333333
0 0.670625 0.163125 0.04578125 0.08854166666666667
0 0.5639062499999999 0.16416666666666666 0.05500000000000001 0.07666666666666666
0 0.56328125 0.2864583333333333 0.0665625 0.06083333333333333
0 0.56765625 0.4047916666666667 0.06703125 0.059583333333333335
0 0.6720312500000001 0.40229166666666666 0.046718749999999996 0.09020833333333332
0 0.6720312500000001 0.283125 0.06796875 0.06083333333333333
0 0.670625 0.163125 0.04578125 0.08854166666666667
0 0.5639062499999999 0.16416666666666666 0.05500000000000001 0.07666666666666666
0 0.56328125 0.2864583333333333 0.0665625 0.06083333333333333
0 0.56765625 0.4047916666666667 0.06703125 0.059583333333333335
0 0.6720312500000001 0.40229166666666666 0.046718749999999996 0.09020833333333332
0 0.6720312500000001 0.283125 0.06796875 0.06083333333333333
0 0.670625 0.163125 0.04578125 0.08854166666666667
0 0.5639062499999999 0.16416666666666666 0.05500000000000001 0.07666666666666666
0 0.56328125 0.2864583333333333 0.0665625 0.06083333333333333
0 0.56765625 0.4047916666666667 0.06703125 0.059583333333333335
0 0.6720312500000001 0.40229166666666666 0.046718749999999996 0.09020833333333332
0 0.6720312500000001 0.283125 0.06796875 0.06083333333333333
0 0.670625 0.163125 0.04578125 0.08854166666666667
