0 0.55171875 0.39479166666666665 0.06328125 0.06270833333333334
0 0.65421875 0.3922916666666667 0.045 0.089375
0 0.6520312500000001 0.27479166666666666 0.06421875 0.06020833333333333
0 0.6484375 0.15666666666666668 0.06765625 0.05875
0 0.5446875 0.2791666666666667 0.04453125 0.08333333333333333
0 0.54171875 0.15916666666666668 0.05671875 0.07125000000000001
0 0.55171875 0.39479166666666665 0.06328125 0.06270833333333334
0 0.65421875 0.3922916666666667 0.045 0.089375
0 0.6520312500000001 0.27479166666666666 0.06421875 0.06020833333333333
0 0.6484375 0.15666666666666668 0.06765625 0.05875
0 0.5446875 0.2791666666666667 0.04453125 0.08333333333333333
0 0.54171875 0.15916666666666668 0.05671875 0.07125000000000001
0 0.55171875 0.39479166666666665 0.06328125 0.06270833333333334
0 0.65421875 0.3922916666666667 0.045 0.089375
0 0.6520312500000001 0.27479166666666666 0.06421875 0.06020833333333333
0 0.6484375 0.15666666666666668 0.06765625 0.05875
0 0.5446875 0.2791666666666667 0.04453125 0.08333333333333333
0 0.54171875 0.15916666666666668 0.05671875 0.07125000000000001
0 0.55171875 0.39479166666666665 0.06328125 0.06270833333333334
0 0.65421875 0.3922916666666667 0.045 0.089375
0 0.6520312500000001 0.27479166666666666 0.06421875 0.06020833333333333
0 0.6484375 0.15666666666666668 0.06765625 0.05875
0 0.5446875 0.2791666666666667 0.04453125 0.08333333333333333
0 0.54171875 0.15916666666666668 0.05671875 0.07125000000000001
0 0.55171875 0.39479166666666665 0.06328125 0.06270833333333334
0 0.65421875 0.3922916666666667 0.045 0.089375
0 0.6520312500000001 0.27479166666666666 0.06421875 0.06020833333333333
0 0.6484375 0.15666666666666668 0.06765625 0.05875
0 0.5446875 0.2791666666666667 0.04453125 0.08333333333333333
0 0.54171875 0.15916666666666668 0.05671875 0.07125000000000001
0 0.55171875 0.39479166666666665 0.06328125 0.06270833333333334
0 0.65421875 0.3922916666666667 0.045 0.089375
0 0.6520312500000001 0.27479166666666666 0.06421875 0.06020833333333333
0 0.6484375 0.15666666666666668 0.06765625 0.05875
0 0.5446875 0.2791666666666667 0.04453125 0.08333333333333333
0 0.54171875 0.15916666666666668 0.05671875 0.07125000000000001
