0 0.5667187499999999 0.40229166666666666 0.0515625 0.07833333333333334
0 0.67109375 0.40229166666666666 0.06640625 0.060000000000000005
0 0.67109375 0.283125 0.0475 0.08333333333333333
0 0.5639062499999999 0.288125 0.0440625 0.085625
0 0.56203125 0.16666666666666666 0.04359375 0.0875
0 0.67109375 0.16166666666666665 0.0665625 0.057708333333333334
0 0.5667187499999999 0.40229166666666666 0.0515625 0.07833333333333334
0 0.67109375 0.40229166666666666 0.06640625 0.060000000000000005
0 0.67109375 0.283125 0.0475 0.08333333333333333
0 0.5639062499999999 0.288125 0.0440625 0.085625
0 0.56203125 0.16666666666666666 0.04359375 0.0875
0 0.67109375 0.16166666666666665 0.0665625 0.057708333333333334
0 0.5667187499999999 0.40229166666666666 0.0515625 0.07833333333333334
0 0.67109375 0.40229166666666666 0.06640625 0.060000000000000005
0 0.67109375 0.283125 0.0475 0.08333333333333333
0 0.5639062499999999 0.288125 0.0440625 0.085625
0 0.56203125 0.16666666666666666 0.04359375 0.0875
0 0.67109375 0.16166666666666665 0.0665625 0.057708333333333334
0 0.5667187499999999 0.40229166666666666 0.0515625 0.07833333333333334
0 0.67109375 0.40229166666666666 0.06640625 0.060000000000000005
0 0.67109375 0.283125 0.0475 0.08333333333333333
0 0.5639062499999999 0.288125 0.0440625 0.085625
0 0.56203125 0.16666666666666666 0.04359375 0.0875
0 0.67109375 0.16166666666666665 0.0665625 0.057708333333333334
0 0.5667187499999999 0.40229166666666666 0.0515625 0.07833333333333334
0 0.67109375 0.40229166666666666 0.06640625 0.060000000000000005
0 0.67109375 0.283125 0.0475 0.08333333333333333
0 0.5639062499999999 0.288125 0.0440625 0.085625
0 0.56203125 0.16666666666666666 0.04359375 0.0875
0 0.67109375 0.16166666666666665 0.0665625 0.057708333333333334
0 0.5667187499999999 0.40229166666666666 0.0515625 0.07833333333333334
0 0.67109375 0.40229166666666666 0.06640625 0.060000000000000005
0 0.67109375 0.283125 0.0475 0.08333333333333333
0 0.5639062499999999 0.288125 0.0440625 0.085625
0 0.56203125 0.16666666666666666 0.04359375 0.0875
0 0.67109375 0.16166666666666665 0.0665625 0.057708333333333334
